35.7030573,139.6666986,null,null
35.70210965,139.66631634,null,0
35.70211005,139.66631667,null,0
35.70211155,139.66631659,null,0
35.70212638,139.66632186,null,0
35.7021413,139.66634485,null,0
35.70213342,139.66633097,null,0
35.70214068,139.66634515,null,0
35.70214039,139.66634571,null,0
35.70214054,139.66634742,null,0
35.70214153,139.66635254,null,0
35.70214627,139.66636196,null,0
35.70215417,139.66637264,null,0
35.70215455,139.66637329,null,0
35.70216711,139.66639671,null,0
35.70215882,139.66638115,null,0
35.70215619,139.66637331,null,0
35.70215605,139.66637316,null,0
35.70215807,139.66637597,null,0
35.70215799,139.66637631,null,0
35.70215723,139.66637472,null,0
35.70215055,139.66636918,null,0
35.70215054,139.66636918,null,0
35.7030573,139.6666986,null,null
35.70215252,139.66637296,null,0
35.70215256,139.66637295,null,0
35.70215258,139.66637298,null,0
35.70215249,139.66637335,null,0
35.70215252,139.66637335,null,0
35.70215271,139.66637342,null,0
35.70215289,139.66637336,null,0
35.70215296,139.66637318,null,0
35.70215299,139.66637303,null,0
35.70215272,139.66637322,null,0
35.70215275,139.66637324,null,0
35.70215251,139.66637335,null,0
35.70215243,139.66637352,null,0
35.70215236,139.66637366,null,0
35.70215227,139.6663738,null,0
35.70215212,139.66637393,null,0
35.70215203,139.66637395,null,0
35.70215173,139.66637407,null,0
35.70215195,139.66637373,null,0
35.7021518,139.66637371,null,0
35.70215182,139.66637369,null,0
35.7021517,139.66637354,null,0
35.35.70215224,139.66637361,null,0
35.70215208,139.66637359,null,0
35.7021522,139.66637367,null,0
35.70215205,139.66637374,null,0
35.70214967,139.66637529,null,0
35.70214926,139.66637549,null,0
35.7030573,139.6666986,null,null
35.70276482,139.66640215,306.3999938964844,1.75
35.70276797,139.66639621,266.20001220703125,4.5
35.70288571,139.66608065,277.79998779296875,1.75
35.70291449,139.66609804,303.29998779296875,1.5
35.70293643,139.66610975,333.20001220703125,1.5
35.70295769,139.66612063,358.29998779296875,1.5
35.70297636,139.66612544,355,1.5
35.70300957,139.66613659,355.5,1.5
35.70302093,139.66613936,356,1.25
35.70303115,139.66614315,356.70001220703125,1.25
35.70312963,139.66618182,8,2
35.70315525,139.66619359,11.699999809265137,2.25
35.70331517,139.66621494,357.70001220703125,1.75
35.7033413,139.6662041,350.8999938964844,1.5
35.7034275,139.66622967,16.200000762939453,1.5
35.70345888,139.66622119,357.3999938964844,1.75
35.70360279,139.6662843,21,2
35.70370848,139.66639032,23.600000381469727,1.75
35.70372111,139.66640743,24.5,1.75
35.70371821,139.66642886,null,0
35.70391602,139.66609818,359.70001220703125,1.25
35.70393439,139.6660866,359.3999938964844,1.25
35.70399985,139.66603957,2.4000000953674316,1
35.70403049,139.66603592,2.4000000953674316,0.75
35.70405478,139.66603008,2.4000000953674316,0.5
35.7040745,139.66602235,2.4000000953674316,0.5
35.70409406,139.66601151,2.4000000953674316,0.75
35.70411367,139.66600273,321,1
35.70413335,139.66599323,325.70001220703125,1
35.70430766,139.6659355,346.29998779296875,1.5
35.70433328,139.66592631,346.3999938964844,1.25
35.70435963,139.66592481,348.3999938964844,1.25
35.70438982,139.6659335,350.3999938964844,1.25
35.70441771,139.66594214,354,1
35.70444364,139.66595545,1.7999999523162842,1
35.70447295,139.66597185,7.599999904632568,1
35.70449987,139.66598853,9,1
35.70456927,139.66602366,11.199999809265137,0.75
35.70474479,139.66609892,22.299999237060547,1.5
35.8353469,139.7999074,null,null
35.8682528,139.7646711,null,null
35.8397882,139.8857291,null,null
35.8568415,139.7873328,null,null
35.8571012,139.8314756,null,null
35.8559578,139.8751669,null,null
35.86043281,139.88029832,24.100000381469727,27.047412872314453
35.86076765,139.88061682,21.299999237060547,28.5
35.86094887,139.88067669,21.5,28.5
35.86115268,139.88074949,21.600000381469727,28.75
35.86136364,139.88088426,22,28.25
35.86157873,139.88099433,22.299999237060547,28
35.86178765,139.88109863,22.600000381469727,27.5
35.86202429,139.88119647,22.700000762939453,26.75
35.8621154,139.8812405,23.600000381469727,26.2547607421875
35.86233115,139.88135728,23.600000381469727,26.25
35.86253115,139.8814553,23.5,25.5
35.86274571,139.88157282,23.600000381469727,24.5
35.86293174,139.88166582,23,24
35.8631429,139.88177302,22.100000381469727,23.5
35.8633289,139.88185494,20.600000381469727,22.25
35.86348963,139.88192171,19.399999618530273,20.75
35.86367244,139.88199646,19,20.5
35.86383452,139.8820587,18.600000381469727,20
35.86400475,139.88212491,18.399999618530273,19.75
35.86417748,139.88218866,18.700000762939453,19.25
35.86431435,139.88224758,19.600000381469727,17
35.86445216,139.88231105,20.100000381469727,15.5
35.86456657,139.88236488,20.799999237060547,14
35.86466855,139.88240696,21.299999237060547,13
35.86477076,139.88246255,21.700000762939453,12
35.86485606,139.88250769,22.700000762939453,11
35.86494196,139.88255841,23.200000762939453,10.25
35.86502218,139.88260381,24.100000381469727,9.5
35.86509316,139.88264623,25.299999237060547,9
35.8651651,139.88269181,25.600000381469727,8.75
35.86523374,139.88272937,25.299999237060547,8.5
35.86529274,139.88276393,25.799999237060547,8
35.86535599,139.88279523,23.200000762939453,7.5
35.86539737,139.88281804,22.799999237060547,6.25
35.8654495,139.88285076,26.600000381469727,6.5
35.86549957,139.88288678,28.899999618530273,6
35.86557024,139.88293336,28.600000381469727,8
35.86566098,139.88298928,26.100000381469727,9.75
35.86580495,139.88308323,27.799999237060547,14
35.86591835,139.88316015,28.899999618530273,14.75
35.866056,139.88325569,29.5,16.5
35.86618413,139.88334938,30.299999237060547,18
35.86633634,139.88346172,31,19.5
35.86650125,139.88359046,32,20.5
35.86664767,139.88370719,32.5,20.5
35.8581898,139.8759114,null,null
35.86682014,139.88384836,33.70000076293945,21
35.86698533,139.8839981,35.29999923706055,21.75
35.86714278,139.88413668,36.099998474121094,22.5
35.867352,139.88430668,34.70000076293945,24.5
35.86752507,139.88444338,32.900001525878906,24.5
35.86771081,139.88458994,32.400001525878906,24.5
35.86791492,139.88474866,31.700000762939453,24.5
35.86809019,139.8848729,30.799999237060547,24
35.86828717,139.88501766,30.700000762939453,23.75
35.86847366,139.88515637,30.799999237060547,24
35.8686497,139.88528826,31.5,24
35.86885342,139.88544569,32.400001525878906,24.5
35.86902991,139.88558837,33,24.75
35.86922521,139.88574552,33.400001525878906,25.25
35.86943079,139.88591674,34.29999923706055,25.75
35.8696061,139.88607164,35.099998474121094,26
35.8698096,139.88625465,36.099998474121094,26.25
35.8700041,139.88643056,36.599998474121094,26.75
35.87018839,139.88660229,37.29999923706055,27
35.87039371,139.88680038,38.20000076293945,27.25
35.87057703,139.88698261,38.900001525878906,27.75
35.87077062,139.88717937,39.5,27.75
35.87097383,139.88739446,40.400001525878906,28
35.87115315,139.88758578,41.20000076293945,28.25
35.87135389,139.88780897,41.900001525878906,28.25
35.87154272,139.88802546,43,28.5
35.87171685,139.88823278,43.79999923706055,28.75
35.87191033,139.88847132,44.5,29
35.87208836,139.88869231,45.20000076293945,29.5
35.87227439,139.88893157,46.099998474121094,30
35.87247716,139.88919617,47,30.75
35.87265349,139.88943958,48.099998474121094,31.25
35.87285452,139.88971964,48.599998474121094,31.5
35.87304821,139.88999653,48.900001525878906,32.5
35.87322124,139.8902634,50.900001525878906,32.5
35.87341143,139.89056763,52.099998474121094,32.5
35.87357954,139.89083912,52.70000076293945,32.5
35.87375389,139.8911304,53.400001525878906,32.5
35.87394096,139.89144196,53.599998474121094,32.75
35.8741025,139.89173141,54.70000076293945,33.25
35.87428577,139.89207168,55.70000076293945,34.5
35.87444976,139.89238215,56.70000076293945,33.75
35.87460016,139.89267251,57.400001525878906,33
35.87476287,139.89299504,58,32.5
35.87490167,139.89327612,58.29999923706055,32
35.87504968,139.89357251,58.599998474121094,31.5
35.87520579,139.89389447,59.20000076293945,31.5
35.87534264,139.89418354,59.599998474121094,32.25
35.87549558,139.8945149,59.79999923706055,32.5
35.87564295,139.89482729,60.099998474121094,32.5
35.87577411,139.89511374,60.20000076293945,32
35.87592257,139.89543678,60.29999923706055,31.5
35.87605412,139.89572128,60.29999923706055,31.5
35.87619445,139.89602245,60.5,31.5
35.87634463,139.89634497,60.29999923706055,31.75
35.87648175,139.89662829,59.79999923706055,32
35.8766388,139.89695495,59.5,32
35.87678559,139.89726517,59.5,32.25
35.87692488,139.89755596,59.20000076293945,32.5
35.87708796,139.89788685,58.900001525878906,33
35.87723757,139.89818271,58.400001525878906,33.25
35.87739674,139.89850732,58.79999923706055,34
35.87756792,139.89885003,58.5,34
35.87771807,139.89914568,58.099998474121094,33.75
35.87788598,139.89947964,57.900001525878906,33.5
35.87804545,139.89979401,57.79999923706055,33.25
35.87819829,139.90008804,57.5,33.5
35.87837357,139.90042127,57.20000076293945,33.5
35.87852775,139.90071348,57.099998474121094,33.75
35.87869199,139.90102399,56.79999923706055,33.75
35.87887043,139.9013586,56.70000076293945,33.75
35.87902671,139.90164689,56.5,33.5
35.87920717,139.90197321,55.70000076293945,33.5
35.8793802,139.90227827,55.099998474121094,33.75
35.8795477,139.90256978,54.29999923706055,34.25
35.87974629,139.90290114,53.70000076293945,35
35.8799239,139.90319492,53.70000076293945,35.25
35.88012074,139.90350777,53,35.75
35.88032712,139.90384347,52.70000076293945,35.75
35.88051091,139.90412684,52.20000076293945,35.25
35.88072069,139.90444034,51.400001525878906,35
35.8809229,139.90475206,51.099998474121094,35.25
35.88111468,139.90502911,50.599998474121094,35.25
35.88133189,139.90533797,50.099998474121094,35
35.8815326,139.90559457,48.599998474121094,34.5
35.88173538,139.90587992,48.599998474121094,34.25
35.88195044,139.90617634,48.70000076293945,33.75
35.88213655,139.90643127,47.599998474121094,33.25
35.88235132,139.90672541,47.70000076293945,33.25
35.88255547,139.90699129,47.20000076293945,33
35.8827514,139.90723718,46.400001525878906,33
35.88297394,139.90750991,46,33
35.88316693,139.90775522,46,33
35.88674709,139.91130714,37.5,31
35.88688116,139.91142294,37.099998474121094,29.25
35.88706494,139.91152274,36.400001525878906,28.25
35.88725823,139.91166354,36.099998474121094,27.75
35.88744708,139.91186179,35.900001525878906,27.25
35.8876562,139.91204631,35.900001525878906,27
35.88782936,139.91222435,37.099998474121094,27
35.88803652,139.91240675,36.79999923706055,27
35.88825825,139.91255484,36.099998474121094,27.25
35.88845639,139.9127313,36.20000076293945,26.75
35.88866906,139.91290588,35.20000076293945,26.5
35.88883942,139.91308879,35.79999923706055,26.25
35.88902961,139.9132796,37,26.25
35.88924292,139.91346368,37.099998474121094,26.25
35.88941697,139.91362664,37.20000076293945,26.25
35.88961747,139.91381391,37.20000076293945,26.25
35.88979466,139.91399418,37.900001525878906,26.5
35.88999395,139.91417225,37.5,26.75
35.89020184,139.9143592,37.20000076293945,26.75
35.89040261,139.91458408,38.29999923706055,27.75
35.89061413,139.91479415,38.599998474121094,28
35.89079746,139.9149983,38.79999923706055,28
35.89097034,139.9151624,39.400001525878906,27.75
35.89117615,139.91536963,39.400001525878906,27.75
35.89136685,139.91554225,38.599998474121094,27.75
35.89723141,139.92203428,44.599998474121094,30.5
35.89742095,139.92225526,44.5,31
35.89764385,139.92251788,45.20000076293945,31.25
35.89783845,139.92275372,45,31.5
35.89803714,139.92299163,45,31.5
35.89825112,139.92325467,45,31.5
35.89883602,139.9239394,44.599998474121094,30.5
35.89901736,139.92416968,44.79999923706055,30.5
35.89922453,139.92442426,45,30.25
35.89940224,139.92464415,44.900001525878906,30.25
35.89961887,139.92485731,43.900001525878906,30.5
35.8998314,139.92513169,44.5,31
35.90000922,139.92534827,44.400001525878906,31.75
35.90020975,139.92560358,44.900001525878906,31.75
35.90042854,139.92585842,44.5,31.5
35.90062642,139.92605843,43.70000076293945,31
35.90082815,139.92631034,44,30.75
35.90102481,139.92652771,43.400001525878906,30.75
35.90123623,139.92678379,43,30.75
35.90145367,139.9270103,42,30.25
35.9016483,139.9272148,41.5,30.25
35.90184977,139.92743191,41.29999923706055,30.25
35.90206173,139.92765609,41.099998474121094,30
35.90225153,139.92785972,41.099998474121094,30
35.90246709,139.92809106,41.099998474121094,30
35.90333414,139.92893135,38.20000076293945,30.5
35.90355715,139.92912276,37.20000076293945,30.5
35.90377907,139.9293344,37,30.5
35.90396364,139.92947865,36.79999923706055,30.5
35.90422193,139.92969305,36.20000076293945,31
35.90441102,139.92987832,36.400001525878906,30.75
35.90462143,139.93008205,36.900001525878906,30.75
35.90485336,139.93029787,36.79999923706055,30.75
35.90505738,139.93049509,37.400001525878906,31
35.90527754,139.93071465,37.79999923706055,31.25
35.90547705,139.9309406,37.900001525878906,30.75
35.9056533,139.93114963,37.900001525878906,30.75
35.90588103,139.93136568,37.79999923706055,31
35.90607658,139.93155157,37.5,31
35.90628272,139.93175231,37.900001525878906,31
35.90648976,139.93200571,39.79999923706055,31
35.90668226,139.93221105,39.5,30.75
35.90688136,139.9324337,40.70000076293945,30.25
35.90709797,139.93267526,41.900001525878906,30.25
35.90729346,139.93288406,42,30.25
35.9739062,139.9833851,null,null
35.9739062,139.9833851,null,null
35.9739062,139.9833851,null,null
36.1467011,139.9234106,null,null
36.15051538,139.91989997,35.099998474121094,0.7071067690849304
36.15049806,139.92001283,35.099998474121094,0.55901700258255
36.15049042,139.92003877,null,0
36.15049057,139.92006336,null,0
36.1505166,139.91996922,null,0.5
36.15052561,139.91988944,35.099998474121094,0.5
36.15052509,139.91991917,35.099998474121094,0.55901700258255
36.15050648,139.91992719,35.099998474121094,0.25
36.15049893,139.91993619,null,0
36.15050032,139.91993452,null,0
36.15050099,139.91993263,null,0
36.15050298,139.91993534,null,0
36.15050284,139.91993567,null,0
36.15050372,139.91993653,null,0
36.15050455,139.91993733,null,0
36.15050314,139.91993846,null,0
36.15050324,139.91993831,null,0
36.15050332,139.91993827,null,0
36.15050331,139.91993837,null,0
36.15050334,139.91993818,null,0
36.15050332,139.9199381,null,0
36.15050349,139.91993841,null,0
36.15050347,139.91993847,null,0
36.15050347,139.91993846,null,0
36.15050344,139.91993902,null,0
36.15050344,139.91993904,null,0
36.15050347,139.91993901,null,0
36.15050346,139.91993902,null,0
36.15050347,139.91993903,null,0
36.1505035,139.91993897,null,0
36.15050352,139.91993896,null,0
36.15050347,139.91993914,null,0
36.15050348,139.91993912,null,0
36.15050349,139.9199391,null,0
36.15050352,139.91993907,null,0
36.15050352,139.91993908,null,0
36.1397606,139.9174103,null,null
36.15050353,139.91993908,null,0
36.15050354,139.91993908,null,0
36.15050353,139.91993909,null,0
36.1505036,139.91993893,null,0
36.15050362,139.91993892,null,0
36.15050362,139.9199389,null,0
36.15050363,139.9199389,null,0
36.15050368,139.9199388,null,0
36.15050369,139.91993879,null,0
36.15050371,139.91993879,null,0
36.15050371,139.9199388,null,0
36.15050371,139.91993879,null,0
36.15050354,139.91993947,null,0
36.15050354,139.91993946,null,0
36.15050356,139.91993945,null,0
36.15050363,139.91993924,null,0
36.15050362,139.91993921,null,0
36.15050363,139.91993918,null,0
36.15050364,139.91993917,null,0
36.15050364,139.91993918,null,0
36.15050365,139.91993913,null,0
36.15050369,139.91993905,null,0
36.15050366,139.91993916,null,0
36.15050195,139.91994119,35.099998474121094,0.5
36.15050617,139.91992269,null,0
36.15050007,139.91991388,null,0
36.15049723,139.91991588,null,0
36.15050407,139.91991529,null,0
36.15050421,139.91991738,null,0
36.15050461,139.91991994,null,0
36.15050888,139.91992238,null,0
36.15051037,139.91991988,null,0
36.15050868,139.91992816,null,0
36.15050705,139.91992744,null,0
36.15050819,139.91992606,null,0
36.15050773,139.91992647,null,0
36.15050789,139.91992782,null,0
36.15050773,139.91992735,null,0
36.1505075,139.91992537,null,0
36.15050778,139.91992551,null,0
36.15050749,139.91992463,null,0
36.15050747,139.91992465,null,0
36.15050783,139.91992635,null,0
36.15050795,139.91992687,null,0
36.15050908,139.91993042,null,0
36.15050829,139.91993268,null,0
36.15050817,139.91993366,null,0
36.1397606,139.9174103,null,null
36.15050846,139.91993143,null,0
36.15050862,139.9199308,null,0
36.15050909,139.9199341,null,0
36.15050886,139.9199349,null,0
36.15050831,139.91993348,null,0
36.150508,139.91993482,null,0
36.15050826,139.91993474,null,0
36.15050822,139.91993588,null,0
36.15050839,139.91993557,null,0
36.15050838,139.91993535,null,0
36.15050834,139.91993541,null,0
36.15050841,139.91993491,null,0
36.15050845,139.91993497,null,0
36.15050847,139.91993506,null,0
36.15050847,139.91993504,null,0
36.15050846,139.91993498,null,0
36.15050841,139.91993495,null,0
36.15050842,139.91993493,null,0
36.15050844,139.91993494,null,0
36.15050841,139.91993473,null,0
36.15050832,139.91993466,null,0
36.15050889,139.9199351,null,0
36.150509,139.91993644,null,0
36.15050841,139.91993549,null,0
36.15050842,139.91993536,null,0
36.15050849,139.91993532,null,0
36.15050853,139.91993538,null,0
36.15050856,139.91993542,null,0
36.15050861,139.91993546,null,0
36.15050862,139.91993545,null,0
36.1505086,139.91993544,null,0
36.15050866,139.91993601,null,0
36.15050863,139.91993596,null,0
36.15050863,139.91993594,null,0
36.15050863,139.91993592,null,0
36.15050861,139.91993591,null,0
36.15050863,139.91993593,null,0
36.15050865,139.9199359,null,0
36.15050872,139.91993663,null,0
36.15050891,139.91993837,null,0
36.15050891,139.91993833,null,0
36.15050897,139.9199389,null,0
36.15050895,139.91993901,null,0
36.15050892,139.91993908,null,0
36.15050892,139.91993913,null,0
36.15050889,139.91993916,null,0
36.1397606,139.9174103,null,null
36.15050889,139.91993921,null,0
36.15050887,139.91993925,null,0
36.15050883,139.91993924,null,0
36.15050884,139.91993926,null,0
36.15050881,139.9199393,null,0
36.15050892,139.91993948,null,0
36.1505089,139.91993951,null,0
36.15050893,139.91993953,null,0
36.15050894,139.91993954,null,0
36.15050893,139.91993961,null,0
36.15050893,139.91993959,null,0
36.15050894,139.91993961,null,0
36.15050892,139.91993961,null,0
36.15050891,139.91993962,null,0
36.15050893,139.91993965,null,0
36.15050891,139.91993959,null,0
36.15050897,139.91993962,null,0
36.15050895,139.91993962,null,0
36.15050896,139.91993968,null,0
36.15050898,139.9199398,null,0
36.150509,139.91993988,null,0
36.15050902,139.91993989,null,0
36.150509,139.91993991,null,0
36.15050899,139.91993993,null,0
36.150509,139.91993992,null,0
36.15050899,139.91993994,null,0
36.15050899,139.91993995,null,0
36.15050902,139.91993986,null,0
36.15050902,139.91993987,null,0
36.150509,139.91993984,null,0
36.15050899,139.91993983,null,0
36.150509,139.91993987,null,0
36.15050902,139.91993986,null,0
36.15050902,139.91993989,null,0
36.15050904,139.91993996,null,0
36.15050903,139.91993997,null,0
36.1505091,139.91994003,null,0
36.15050914,139.91994003,null,0
36.15050914,139.91994,null,0
36.15050916,139.91994003,null,0
36.15050915,139.91994006,null,0
36.15050919,139.91994012,null,0
36.15050918,139.91994009,null,0
36.15050919,139.91994007,null,0
36.1505092,139.91994009,null,0
36.15050919,139.91994011,null,0
36.1397606,139.9174103,null,null
36.15050919,139.91994019,null,0
36.15050919,139.91994019,null,0
36.1505092,139.91994023,null,0
36.15050919,139.91994029,null,0
36.15050919,139.91994036,null,0
36.15050918,139.91994037,null,0
36.15050917,139.91994043,null,0
36.15050916,139.91994047,null,0
36.15050916,139.91994051,null,0
36.1505092,139.91994061,null,0
36.15050915,139.91994064,null,0
36.15050917,139.91994064,null,0
36.1505092,139.91994064,null,0
36.15050923,139.91994067,null,0
36.15050923,139.91994067,null,0
36.15050919,139.91994065,null,0
36.15050922,139.91994068,null,0
36.15050922,139.91994071,null,0
36.15050923,139.91994074,null,0
36.15050919,139.91994079,null,0
36.1397606,139.9174103,null,null
36.15050916,139.91994082,null,0
36.15050912,139.91994082,null,0
36.1505091,139.9199409,null,0
36.15050908,139.91994094,null,0
36.15050906,139.91994097,null,0
36.15050904,139.919941,null,0
36.15050906,139.91994103,null,0
36.15050905,139.91994114,null,0
36.15050907,139.91994112,null,0
36.15050907,139.91994114,null,0
36.15050907,139.91994112,null,0
36.15050905,139.91994113,null,0
36.15050904,139.91994117,null,0
36.15050906,139.9199412,null,0
36.1505091,139.91994122,null,0
36.15050911,139.91994126,null,0
36.1397606,139.9174103,null,null
36.15050911,139.91994131,null,0
36.15050912,139.91994136,null,0
36.15050911,139.91994145,null,0
36.1505091,139.91994143,null,0
36.1505091,139.91994147,null,0
36.15050911,139.91994152,null,0
36.15050912,139.9199416,null,0
36.15050912,139.91994167,null,0
36.15050913,139.91994174,null,0
36.15050915,139.91994175,null,0
36.15050915,139.91994175,null,0
36.15050916,139.91994174,null,0
36.15050917,139.9199418,null,0
36.15050915,139.91994183,null,0
36.15050919,139.91994187,null,0
36.1505092,139.91994189,null,0
36.15050919,139.9199419,null,0
36.15050918,139.91994196,null,0
36.15050919,139.91994201,null,0
36.15050924,139.91994206,null,0
36.15050925,139.91994209,null,0
36.15050924,139.91994209,null,0
36.15050938,139.91994212,null,0
36.1505095,139.91994221,null,0
36.1505095,139.91994224,null,0
36.15050995,139.91994229,null,0
36.15050973,139.91994236,null,0
36.15050997,139.91994241,null,0
36.15050999,139.91994246,null,0
36.15051005,139.91994249,null,0
36.15051005,139.91994251,null,0
36.1505101,139.91994257,null,0
36.15051011,139.91994269,null,0
36.15051009,139.9199427,null,0
36.1505101,139.91994279,null,0
36.1505101,139.91994282,null,0
36.15051008,139.91994292,null,0
36.15051009,139.91994304,null,0
36.15051009,139.91994306,null,0
36.15051009,139.91994312,null,0
36.1505101,139.91994318,null,0
36.15051009,139.91994326,null,0
36.1505101,139.91994327,null,0
36.15051008,139.91994326,null,0
36.15051012,139.91994328,null,0
36.15051015,139.91994333,null,0
36.15051016,139.9199434,null,0
36.1397606,139.9174103,null,null
36.15051018,139.91994346,null,0
36.15051021,139.91994351,null,0
36.15051025,139.9199436,null,0
36.15051026,139.91994366,null,0
36.15051026,139.9199437,null,0
36.15051027,139.91994372,null,0
36.15051028,139.91994377,null,0
36.15051193,139.91999898,35.099998474121094,0.5
36.15051028,139.92000396,35.099998474121094,0.5
36.15050916,139.92001202,103.0999984741211,0.75
36.15050125,139.92003581,112.0999984741211,2.25
36.15049104,139.92005486,127.5,2.25
36.15047501,139.92007129,137.39999389648438,2.25
36.15045204,139.92008043,149,2.75
36.15042841,139.92007888,162.60000610351562,2.5
36.15040931,139.92008657,155.60000610351562,2.25
36.15039251,139.9200879,163.89999389648438,2
36.15038297,139.92008692,170.10000610351562,1.5
36.15039182,139.92007921,null,0
36.15039541,139.92007525,null,0
36.15039715,139.92007258,null,0
36.15039814,139.92007097,null,0
36.15039855,139.92006958,null,0
36.15039845,139.92006842,null,0
36.15039801,139.92006748,null,0
36.15039767,139.92006639,null,0
36.15039717,139.92006522,null,0
36.15039692,139.92006416,null,0
36.15039688,139.92006351,null,0
36.15039706,139.92006299,null,0
36.15039709,139.92006275,null,0
36.15039707,139.92006265,null,0
36.15039705,139.92006261,null,0
36.15039703,139.9200626,null,0
36.15039706,139.92006258,null,0
36.15039706,139.92006258,null,0
36.1503971,139.92006257,null,0
36.1503971,139.92006257,null,0
36.15039713,139.92006256,null,0
36.15039712,139.92006255,null,0
36.15039711,139.92006256,null,0
36.1503971,139.92006255,null,0
36.15039707,139.92006256,null,0
36.15039709,139.92006255,null,0
36.15039711,139.92006256,null,0
36.15039711,139.92006258,null,0
36.1397606,139.9174103,null,null
36.15039711,139.92006259,null,0
36.1503971,139.9200626,null,0
36.15039711,139.9200626,null,0
36.1503971,139.9200626,null,0
36.15039712,139.92006261,null,0
36.15039713,139.92006261,null,0
36.15039714,139.92006261,null,0
36.15039714,139.9200626,null,0
36.15039714,139.92006259,null,0
36.15039713,139.92006259,null,0
36.15039719,139.92006263,null,0
36.15039721,139.92006265,null,0
36.15039722,139.92006265,null,0
36.15039722,139.92006265,null,0
36.15039723,139.92006265,null,0
36.15039718,139.92006264,null,0
36.15039716,139.92006263,null,0
36.15039715,139.92006265,null,0
36.15039702,139.92006265,null,0
36.15039696,139.92006264,null,0
36.1503969,139.92006263,null,0
36.15039688,139.92006262,null,0
36.15039687,139.92006261,null,0
36.15039686,139.9200626,null,0
36.15039689,139.92006262,null,0
36.15039691,139.92006263,null,0
36.15039691,139.92006263,null,0
36.15039691,139.92006262,null,0
36.1503969,139.92006262,null,0
36.1503969,139.92006261,null,0
36.15039689,139.92006261,null,0
36.15039689,139.92006261,null,0
36.15039688,139.9200626,null,0
36.15039687,139.92006259,null,0
36.15039686,139.92006259,null,0
36.15039686,139.92006257,null,0
36.15039686,139.92006257,null,0
36.15039684,139.92006255,null,0
36.15039684,139.92006254,null,0
36.15039683,139.92006253,null,0
36.15039683,139.92006252,null,0
36.15039683,139.92006251,null,0
36.15039683,139.9200625,null,0
36.15039682,139.92006248,null,0
36.15039681,139.92006247,null,0
36.1397606,139.9174103,null,null
36.15039681,139.92006246,null,0
36.15039681,139.92006245,null,0
36.15039681,139.92006244,null,0
36.15039681,139.92006243,null,0
36.1503968,139.92006243,null,0
36.1503968,139.92006242,null,0
36.1503968,139.92006242,null,0
36.1503968,139.92006243,null,0
36.1503968,139.92006243,null,0
36.1503968,139.92006242,null,0
36.1503968,139.92006242,null,0
36.1503968,139.92006242,null,0
36.1503968,139.92006241,null,0
36.15039681,139.92006241,null,0
36.15039681,139.9200624,null,0
36.15039681,139.92006239,null,0
36.15039681,139.92006239,null,0
36.15039681,139.92006238,null,0
36.15039682,139.92006236,null,0
36.15039682,139.92006235,null,0
36.15039682,139.92006235,null,0
36.15039682,139.92006235,null,0
36.15039682,139.92006234,null,0
36.15039682,139.92006234,null,0
36.15039682,139.92006233,null,0
36.15039681,139.92006233,null,0
36.15039681,139.92006232,null,0
36.15039681,139.92006232,null,0
36.15039681,139.92006231,null,0
36.15039681,139.92006231,null,0
36.15039681,139.9200623,null,0
36.15039681,139.92006229,null,0
36.15039681,139.92006229,null,0
36.15039682,139.92006229,null,0
36.15039682,139.92006229,null,0
36.15039682,139.92006228,null,0
36.15039683,139.92006228,null,0
36.15039683,139.92006227,null,0
36.15039683,139.92006226,null,0
36.15039683,139.92006225,null,0
36.15039683,139.92006224,null,0
36.15039683,139.92006223,null,0
36.15039683,139.92006222,null,0
36.15039683,139.92006222,null,0
36.15039683,139.92006221,null,0
36.15039683,139.9200622,null,0
36.1397606,139.9174103,null,null
36.15039683,139.92006219,null,0
36.15039683,139.92006219,null,0
36.15039683,139.92006219,null,0
36.15039684,139.92006218,null,0
36.15039684,139.92006217,null,0
36.15039685,139.92006217,null,0
36.15039686,139.92006216,null,0
36.15039687,139.92006215,null,0
36.15039687,139.92006214,null,0
36.15039687,139.92006214,null,0
36.15039687,139.92006213,null,0
36.15039688,139.92006212,null,0
36.15039688,139.92006211,null,0
36.15039689,139.92006211,null,0
36.1503969,139.9200621,null,0
36.1503969,139.92006209,null,0
36.15039691,139.92006209,null,0
36.15039691,139.92006209,null,0
36.15039691,139.92006208,null,0
36.15039692,139.92006208,null,0
36.15039692,139.92006208,null,0
36.15039692,139.92006207,null,0
36.15039692,139.92006206,null,0
36.15039692,139.92006206,null,0
36.15039693,139.92006206,null,0
36.15039693,139.92006205,null,0
36.15039693,139.92006205,null,0
36.15039693,139.92006205,null,0
36.15039694,139.92006204,null,0
36.15039694,139.92006203,null,0
36.15039694,139.92006203,null,0
36.15039694,139.92006202,null,0
36.15039694,139.92006202,null,0
36.15039694,139.92006202,null,0
36.15039694,139.92006201,null,0
36.15039694,139.920062,null,0
36.15039694,139.920062,null,0
36.15039695,139.920062,null,0
36.15039695,139.920062,null,0
36.15039696,139.92006199,null,0
36.15039696,139.92006198,null,0
36.15039697,139.92006198,null,0
36.15039697,139.92006197,null,0
36.1397606,139.9174103,null,null
36.15039698,139.92006196,null,0
36.15039698,139.92006196,null,0
36.15039698,139.92006195,null,0
36.15039699,139.92006195,null,0
36.15039699,139.92006194,null,0
36.15039699,139.92006194,null,0
36.15039699,139.92006194,null,0
36.150397,139.92006194,null,0
36.150397,139.92006193,null,0
36.150397,139.92006192,null,0
36.150397,139.92006192,null,0
36.150397,139.92006192,null,0
36.150397,139.92006192,null,0
36.15039701,139.92006191,null,0
36.15039701,139.92006191,null,0
36.15039701,139.92006191,null,0
36.15039701,139.9200619,null,0
36.15039701,139.9200619,null,0
36.15039701,139.92006189,null,0
36.15039701,139.92006189,null,0
36.15039701,139.92006188,null,0
36.15039701,139.92006188,null,0
36.15039702,139.92006189,null,0
36.15039702,139.92006188,null,0
36.15039703,139.92006188,null,0
36.15039703,139.92006188,null,0
36.15039703,139.92006187,null,0
36.15039703,139.92006187,null,0
36.15039703,139.92006186,null,0
36.15039704,139.92006185,null,0
36.15039704,139.92006184,null,0
36.15039704,139.92006184,null,0
36.15039704,139.92006183,null,0
36.15039704,139.92006182,null,0
36.15039704,139.92006181,null,0
36.15039705,139.92006181,null,0
36.15039705,139.9200618,null,0
36.15039705,139.92006179,null,0
36.15039705,139.92006179,null,0
36.15039705,139.92006178,null,0
36.15039705,139.92006178,null,0
36.15039704,139.92006177,null,0
36.15039704,139.92006177,null,0
36.15039705,139.92006176,null,0
36.15039705,139.92006176,null,0
36.1397606,139.9174103,null,null
36.15039705,139.92006175,null,0
36.15039706,139.92006175,null,0
36.15039706,139.92006174,null,0
36.15039707,139.92006174,null,0
36.15039707,139.92006173,null,0
36.15039707,139.92006173,null,0
36.15039706,139.92006172,null,0
36.15039706,139.92006172,null,0
36.15039706,139.92006171,null,0
36.15039706,139.9200617,null,0
36.15039706,139.92006169,null,0
36.15039706,139.92006168,null,0
36.15039706,139.92006168,null,0
36.15039706,139.92006167,null,0
36.15039706,139.92006166,null,0
36.15039706,139.92006165,null,0
36.15039706,139.92006165,null,0
36.15039706,139.92006164,null,0
36.15039707,139.92006164,null,0
36.15039707,139.92006164,null,0
36.15039707,139.92006163,null,0
36.15039707,139.92006163,null,0
36.15039708,139.92006162,null,0
36.15039708,139.92006162,null,0
36.15039708,139.92006161,null,0
36.15039708,139.92006161,null,0
36.15039708,139.9200616,null,0
36.15039708,139.9200616,null,0
36.15039708,139.9200616,null,0
36.15039708,139.92006159,null,0
36.15039708,139.92006159,null,0
36.15039708,139.92006158,null,0
36.15039708,139.92006157,null,0
36.15039708,139.92006156,null,0
36.15039708,139.92006155,null,0
36.15039708,139.92006155,null,0
36.15039708,139.92006154,null,0
36.15039708,139.92006154,null,0
36.15039708,139.92006154,null,0
36.15039708,139.92006154,null,0
36.15039708,139.92006153,null,0
36.15039709,139.92006152,null,0
36.15039709,139.92006151,null,0
36.15039709,139.9200615,null,0
36.1503971,139.92006149,null,0
36.1397606,139.9174103,null,null
36.1503971,139.92006149,null,0
36.1503971,139.92006148,null,0
36.1503971,139.92006147,null,0
36.1503971,139.92006147,null,0
36.15039711,139.92006147,null,0
36.15039711,139.92006147,null,0
36.15039711,139.92006146,null,0
36.15039712,139.92006147,null,0
36.15039712,139.92006147,null,0
36.15039712,139.92006147,null,0
36.15039712,139.92006147,null,0
36.15039712,139.92006147,null,0
36.15039712,139.92006146,null,0
36.15039713,139.92006145,null,0
36.15039713,139.92006145,null,0
36.15039713,139.92006144,null,0
36.15039713,139.92006144,null,0
36.15039713,139.92006144,null,0
36.15039713,139.92006143,null,0
36.15039714,139.92006142,null,0
36.15039714,139.92006142,null,0
36.15039714,139.92006141,null,0
36.15039714,139.92006141,null,0
36.15039715,139.92006141,null,0
36.15039715,139.92006141,null,0
36.15039715,139.92006141,null,0
36.15039715,139.9200614,null,0
36.15039716,139.92006139,null,0
36.15039716,139.92006138,null,0
36.15039716,139.92006138,null,0
36.15039716,139.92006137,null,0
36.15039716,139.92006137,null,0
36.15039715,139.92006137,null,0
36.15039715,139.92006137,null,0
36.15039714,139.92006137,null,0
36.15039714,139.92006137,null,0
36.15039714,139.92006137,null,0
36.15039714,139.92006137,null,0
36.15039715,139.92006136,null,0
36.15039715,139.92006136,null,0
36.15039715,139.92006136,null,0
36.15039715,139.92006135,null,0
36.15039715,139.92006135,null,0
36.15039715,139.92006135,null,0
36.15039715,139.92006134,null,0
36.1397606,139.9174103,null,null
36.15039715,139.92006133,null,0
36.15039715,139.92006133,null,0
36.15039714,139.92006132,null,0
36.15039714,139.92006131,null,0
36.15039714,139.92006129,null,0
36.15039714,139.92006128,null,0
36.15039714,139.92006128,null,0
36.15039714,139.92006128,null,0
36.15039713,139.92006127,null,0
36.15039713,139.92006126,null,0
36.15039713,139.92006126,null,0
36.15039712,139.92006125,null,0
36.15039712,139.92006125,null,0
36.15039712,139.92006124,null,0
36.15039711,139.92006124,null,0
36.15039711,139.92006124,null,0
36.1503971,139.92006124,null,0
36.1503971,139.92006123,null,0
36.1503971,139.92006123,null,0
36.1503971,139.92006122,null,0
36.1503971,139.92006122,null,0
36.1503971,139.92006122,null,0
36.1503971,139.92006122,null,0
36.1503971,139.92006121,null,0
36.1503971,139.92006121,null,0
36.1503971,139.9200612,null,0
36.15039711,139.92006119,null,0
36.15039711,139.92006119,null,0
36.1503971,139.92006118,null,0
36.1503971,139.92006118,null,0
36.1503971,139.92006118,null,0
36.1503971,139.92006117,null,0
36.1503971,139.92006116,null,0
36.1503971,139.92006115,null,0
36.1503971,139.92006114,null,0
36.1503971,139.92006113,null,0
36.1503971,139.92006112,null,0
36.1503971,139.92006112,null,0
36.1503971,139.92006112,null,0
36.1503971,139.92006111,null,0
36.1503971,139.9200611,null,0
36.1503971,139.9200611,null,0
36.1503971,139.92006109,null,0
36.1503971,139.92006109,null,0
36.1503971,139.92006108,null,0
36.1536416,139.929411,null,null
36.15039709,139.92006107,null,0
36.15039709,139.92006106,null,0
36.15039709,139.92006106,null,0
36.15039709,139.92006105,null,0
36.15039709,139.92006104,null,0
36.15039709,139.92006103,null,0
36.15039708,139.92006103,null,0
36.15039708,139.92006102,null,0
36.15039708,139.92006101,null,0
36.15039708,139.92006101,null,0
36.15039708,139.920061,null,0
36.15039708,139.920061,null,0
36.15039708,139.92006099,null,0
36.15039708,139.92006098,null,0
36.15039708,139.92006098,null,0
36.15039708,139.92006097,null,0
36.15039708,139.92006097,null,0
36.15039709,139.92006097,null,0
36.15039709,139.92006096,null,0
36.15039709,139.92006096,null,0
36.15039709,139.92006096,null,0
36.15039709,139.92006096,null,0
36.15039709,139.92006095,null,0
36.15039709,139.92006094,null,0
36.15039709,139.92006094,null,0
36.15039709,139.92006094,null,0
36.15039709,139.92006093,null,0
36.15039709,139.92006094,null,0
36.15039709,139.92006093,null,0
36.15039709,139.92006093,null,0
36.15039709,139.92006093,null,0
36.15039709,139.92006093,null,0
36.15039709,139.92006092,null,0
36.15039709,139.92006092,null,0
36.15039709,139.92006091,null,0
36.15039708,139.92006091,null,0
36.15039708,139.9200609,null,0
36.15039709,139.92006089,null,0
36.15039709,139.92006088,null,0
36.15039708,139.92006087,null,0
36.15039708,139.92006087,null,0
36.15039708,139.92006087,null,0
36.15039708,139.92006086,null,0
36.15039708,139.92006085,null,0
36.15039708,139.92006084,null,0
36.1536416,139.929411,null,null
36.15039708,139.92006083,null,0
36.15039708,139.92006083,null,0
36.15039708,139.92006083,null,0
36.15039708,139.92006082,null,0
36.15039707,139.92006082,null,0
36.15039708,139.92006082,null,0
36.15039707,139.92006082,null,0
36.15039707,139.92006081,null,0
36.15039707,139.92006081,null,0
36.15039708,139.92006081,null,0
36.15039708,139.9200608,null,0
36.15039708,139.9200608,null,0
36.15039707,139.92006079,null,0
36.15039707,139.92006079,null,0
36.15039707,139.92006078,null,0
36.15039707,139.92006078,null,0
36.15039707,139.92006077,null,0
36.15039707,139.92006076,null,0
36.15039708,139.92006075,null,0
36.15039708,139.92006074,null,0
36.15039708,139.92006074,null,0
36.15039708,139.92006073,null,0
36.15039708,139.92006072,null,0
36.15039708,139.92006072,null,0
36.15039708,139.92006071,null,0
36.15039708,139.9200607,null,0
36.15039708,139.9200607,null,0
36.15039708,139.92006069,null,0
36.15039708,139.92006068,null,0
36.15039708,139.92006068,null,0
36.15039708,139.92006068,null,0
36.15039708,139.92006067,null,0
36.15039708,139.92006066,null,0
36.15039708,139.92006065,null,0
36.15039708,139.92006065,null,0
36.15039708,139.92006064,null,0
36.15039708,139.92006063,null,0
36.15039709,139.92006062,null,0
36.15039709,139.92006062,null,0
36.15039709,139.92006061,null,0
36.15039709,139.9200606,null,0
36.15039709,139.9200606,null,0
36.1503971,139.92006059,null,0
36.1503971,139.92006058,null,0
36.1503971,139.92006058,null,0
36.1536416,139.929411,null,null
36.1503971,139.92006057,null,0
36.15039711,139.92006057,null,0
36.15039711,139.92006056,null,0
36.15039712,139.92006055,null,0
36.15039711,139.92006055,null,0
36.15039712,139.92006054,null,0
36.15039712,139.92006053,null,0
36.15039712,139.92006053,null,0
36.15039712,139.92006052,null,0
36.15039712,139.92006051,null,0
36.15039712,139.92006051,null,0
36.15039712,139.9200605,null,0
36.15039712,139.9200605,null,0
36.15039712,139.9200605,null,0
36.15039712,139.92006049,null,0
36.15039712,139.92006049,null,0
36.15039712,139.92006048,null,0
36.15039712,139.92006048,null,0
36.15039712,139.92006047,null,0
36.15039712,139.92006047,null,0
36.15039712,139.92006046,null,0
36.15039174,139.92006038,170.10000610351562,0.75
36.15037507,139.92006026,179.8000030517578,1.75
36.15036585,139.92005987,180.5,1
36.15034835,139.92005864,182.10000610351562,1.75
36.15032692,139.92005582,184,2
36.15030568,139.92005195,185.8000030517578,2.25
36.15028376,139.92004711,187.6999969482422,2.25
36.15026061,139.92004075,189.10000610351562,2.5
36.1502344,139.92003323,189.3000030517578,2.75
36.15020521,139.9200248,189.60000610351562,3
36.15017709,139.92001741,189.3000030517578,3
36.15015267,139.92001088,189.10000610351562,2.75
36.15013822,139.92000665,188.1999969482422,2
36.15013238,139.92000445,187.6999969482422,1.25
36.15012795,139.92000209,189.3000030517578,1
36.15012362,139.91999938,190.89999389648438,0.75
36.15011539,139.91999512,193.8000030517578,1
36.15010276,139.91998958,194.1999969482422,1.5
36.150086,139.91997583,202.39999389648438,1.75
36.15006857,139.91995683,213.6999969482422,2
36.15005478,139.91993057,229.10000610351562,2.25
36.15004736,139.91989772,244.89999389648438,2.5
36.15004678,139.91986367,259.8999938964844,2.5
36.15004983,139.91983009,269.1000061035156,2.5
36.1536416,139.929411,null,null
36.15005356,139.91979886,273.29998779296875,2.5
36.15005777,139.91977055,274.79998779296875,2.25
36.15006168,139.91974361,275.3999938964844,2.25
36.15006588,139.91971843,276.8999938964844,2.25
36.15006749,139.91971364,null,0
36.15006965,139.91969894,278.70001220703125,1.25
36.1501147,139.91970878,1.5,3
36.15013534,139.9197108,353.8999938964844,1.5
36.15016443,139.91971439,0.4000000059604645,2.25
36.15020038,139.91972342,10.100000381469727,3
36.15023584,139.91973377,13.100000381469727,3.25
36.15027224,139.91974506,13.699999809265137,3.5
36.15030679,139.91975534,13.5,3.5
36.15033727,139.91976301,13,3.25
36.15036383,139.91976907,12.699999809265137,3
36.15038657,139.91977413,11.800000190734863,2.5
36.15040668,139.91977884,12,2.25
36.15042651,139.9197836,12.300000190734863,2.25
36.15044713,139.91978828,12.600000381469727,2.25
36.15046878,139.91979424,12.5,2.25
36.15048884,139.91980049,12.800000190734863,2.25
36.15050734,139.91980582,12.600000381469727,2.25
36.15052677,139.9198102,12.300000190734863,2.25
36.15054666,139.91981509,12.199999809265137,2.25
36.15056693,139.91981978,12.199999809265137,2.25
36.15058457,139.91982355,12.300000190734863,2
36.15058019,139.91982083,null,0
36.15057697,139.91981988,null,0
36.15057635,139.91981989,null,0
36.15057586,139.91981995,null,0
36.1505762,139.91981958,null,0
36.15057592,139.91981942,null,0
36.15057547,139.91981925,null,0
36.1505751,139.91981923,null,0
36.1505748,139.91981912,null,0
36.15057466,139.91981912,null,0
36.15057468,139.91981911,null,0
36.15057457,139.91981908,null,0
36.15057449,139.91981906,null,0
36.15057425,139.91981901,null,0
36.15057413,139.91981899,null,0
36.15057403,139.91981897,null,0
36.15057397,139.91981895,null,0
36.1536416,139.929411,null,null
36.15057383,139.91981893,null,0
36.15057374,139.91981891,null,0
36.1505737,139.9198189,null,0
36.15057368,139.9198189,null,0
36.15057372,139.91981891,null,0
36.15057355,139.91981888,null,0
36.15057337,139.91981885,null,0
36.15057327,139.91981884,null,0
36.15057322,139.91981884,null,0
36.15057319,139.91981884,null,0
36.15057313,139.91981882,null,0
36.15057302,139.91981879,null,0
36.15057296,139.91981878,null,0
36.15057267,139.9198187,null,0
36.15057251,139.91981865,null,0
36.15057243,139.91981863,null,0
36.15057238,139.91981862,null,0
36.15057217,139.91981856,null,0
36.15057206,139.91981853,null,0
36.150572,139.91981851,null,0
36.15057197,139.91981851,null,0
36.1505719,139.91981853,null,0
36.15057172,139.91981851,null,0
36.15057166,139.91981851,null,0
36.15057162,139.91981851,null,0
36.1505716,139.91981851,null,0
36.15057158,139.91981851,null,0
36.15057158,139.91981852,null,0
36.15057158,139.91981853,null,0
36.15057157,139.91981852,null,0
36.15057157,139.91981853,null,0
36.15057157,139.91981853,null,0
36.15057157,139.91981854,null,0
36.15057157,139.91981855,null,0
36.15057157,139.91981855,null,0
36.15057156,139.91981856,null,0
36.15057156,139.91981856,null,0
36.15057156,139.91981856,null,0
36.15057155,139.91981857,null,0
36.15057156,139.91981857,null,0
36.15057156,139.91981857,null,0
36.15057157,139.91981859,null,0
36.15057158,139.9198186,null,0
36.15057159,139.91981854,null,0
36.15057159,139.91981851,null,0
36.1536416,139.929411,null,null
36.15057159,139.91981849,null,0
36.15057159,139.91981838,null,0
36.15057159,139.91981833,null,0
36.15057159,139.91981832,null,0
36.15057159,139.91981833,null,0
36.15057158,139.91981833,null,0
36.15057158,139.9198183,null,0
36.15057159,139.91981819,null,0
36.15057159,139.91981804,null,0
36.15057159,139.91981792,null,0
36.15057159,139.91981792,null,0
36.15057159,139.91981797,null,0
36.15057159,139.91981799,null,0
36.15057158,139.91981798,null,0
36.15057157,139.91981797,null,0
36.15057157,139.91981795,null,0
36.15057157,139.91981794,null,0
36.15057158,139.91981791,null,0
36.15057158,139.91981783,null,0
36.15057159,139.91981779,null,0
36.15057157,139.91981784,null,0
36.15057156,139.91981786,null,0
36.15057157,139.91981784,null,0
36.15057157,139.91981783,null,0
36.15057157,139.91981777,null,0
36.15057158,139.91981768,null,0
36.15057158,139.91981761,null,0
36.15057158,139.91981757,null,0
36.15057134,139.91981767,null,0
36.15057126,139.91981768,null,0
36.15057132,139.91981764,null,0
36.15057126,139.91981767,null,0
36.15057137,139.91981761,null,0
36.15057134,139.91981762,null,0
36.15057158,139.91981749,null,0
36.15057159,139.91981748,null,0
36.15057159,139.91981747,null,0
36.1505716,139.91981747,null,0
36.1505716,139.91981746,null,0
36.15057159,139.91981745,null,0
36.1505716,139.91981745,null,0
36.1505716,139.91981744,null,0
36.15057161,139.91981743,null,0
36.15057161,139.91981742,null,0
36.1536416,139.929411,null,null
36.15057161,139.91981741,null,0
36.15057161,139.9198174,null,0
36.15057161,139.91981738,null,0
36.15057161,139.91981737,null,0
36.1505716,139.91981735,null,0
36.15057159,139.91981734,null,0
36.15057159,139.91981733,null,0
36.15057159,139.91981732,null,0
36.15057159,139.9198173,null,0
36.15057159,139.91981729,null,0
36.15057159,139.91981728,null,0
36.15057159,139.91981727,null,0
36.15057159,139.91981726,null,0
36.15057159,139.91981726,null,0
36.1505716,139.91981725,null,0
36.1505716,139.91981724,null,0
36.1505716,139.91981722,null,0
36.15057161,139.91981721,null,0
36.15057162,139.9198172,null,0
36.15057162,139.91981719,null,0
36.15057164,139.91981717,null,0
36.15057165,139.91981716,null,0
36.15057166,139.91981715,null,0
36.15057167,139.91981715,null,0
36.15057169,139.91981715,null,0
36.15057169,139.91981714,null,0
36.1505717,139.91981713,null,0
36.15057171,139.91981712,null,0
36.15057166,139.9198171,null,0
36.15057164,139.91981709,null,0
36.15057163,139.91981708,null,0
36.15057163,139.91981708,null,0
36.15057164,139.91981707,null,0
36.1505715,139.91981701,null,0
36.15057143,139.91981697,null,0
36.1505714,139.91981695,null,0
36.15057139,139.91981694,null,0
36.15057121,139.91981687,null,0
36.15057113,139.91981683,null,0
36.15057091,139.91981675,null,0
36.15057081,139.91981671,null,0
36.15057077,139.91981668,null,0
36.1505706,139.91981662,null,0
36.15057052,139.91981658,null,0
36.15057049,139.91981656,null,0
36.1536416,139.929411,null,null
36.15057038,139.91981652,null,0
36.15057032,139.9198165,null,0
36.1505703,139.91981649,null,0
36.1505703,139.91981648,null,0
36.1505703,139.91981647,null,0
36.1505703,139.91981647,null,0
36.15057031,139.91981646,null,0
36.15057031,139.91981646,null,0
36.15057031,139.91981645,null,0
36.15057031,139.91981645,null,0
36.1505703,139.91981646,null,0
36.15057031,139.91981646,null,0
36.15057031,139.91981645,null,0
36.15057045,139.91981638,null,0
36.15057054,139.91981633,null,0
36.15057026,139.91981648,null,0
36.15057014,139.91981655,null,0
36.15057001,139.91981661,null,0
36.15057007,139.91981658,null,0
36.15057024,139.91981649,null,0
36.15057413,139.9198174,12.300000190734863,0.5
36.15059148,139.91982221,13.100000381469727,1.75
36.15060661,139.91982628,12.899999618530273,1.5
36.15067757,139.91984372,12.899999618530273,5.25
36.15073818,139.91985638,12.699999809265137,6.5
36.15080957,139.91987543,12.800000190734863,8
36.15089194,139.91989508,12.600000381469727,8.75
36.15096993,139.91991741,13.199999809265137,8.75
36.15104979,139.91993735,12.899999618530273,9.25
36.15113525,139.91996331,13.300000190734863,9.75
36.15124327,139.91998777,12.199999809265137,12
36.15137185,139.92000812,8,14
36.15151985,139.9200194,4.300000190734863,16.25
36.15167127,139.92003376,4.800000190734863,16.75
36.15181897,139.92005579,7.699999809265137,16.5
36.1519468,139.92010016,14.300000190734863,15
36.15205246,139.92017392,26.799999237060547,13.5
36.15215055,139.92025682,33.5,13.25
36.1521654,139.92039855,67.80000305175781,12
36.15216373,139.92052758,89.19999694824219,11.75
36.15212668,139.92064256,109.9000015258789,11.25
36.15204488,139.92072951,138,11.75
36.15193535,139.9207776,158.3000030517578,13
36.15180358,139.92077892,177.5,14.75
36.15164885,139.92073099,191.8000030517578,17.25
36.1536416,139.929411,null,null
36.15147072,139.92065944,197.39999389648438,20.25
36.15127183,139.92057385,198.3000030517578,23
36.15106862,139.92048963,197.6999969482422,23.75
36.15084201,139.92041706,194.89999389648438,25.75
36.15059311,139.92036911,189.5,27.75
36.15033932,139.92035222,183.8000030517578,28
36.15010431,139.92035339,180.3000030517578,26.5
36.14988752,139.9203391,182.60000610351562,24.25
36.14968577,139.92027944,192,23
36.14951804,139.92019906,199.6999969482422,20.25
36.14937827,139.92013593,200.10000610351562,17
36.1492441,139.92009432,195.1999969482422,15.5
36.14911685,139.92010897,176.60000610351562,14.25
36.14901553,139.92019643,148.60000610351562,13.5
36.14896953,139.9203362,116.5999984741211,13.25
36.14898793,139.92047841,84.0999984741211,12.5
36.14906515,139.92060045,54.400001525878906,13.5
36.14919204,139.92066826,25.899999618530273,14.75
36.14933453,139.92068136,6.099999904632568,15.5
36.14948911,139.92069983,5.800000190734863,17
36.14965614,139.9207347,8.699999809265137,18.5
36.14982378,139.92076178,7.5,18.75
36.14999472,139.92078708,7.599999904632568,19
36.15015977,139.92081997,8.699999809265137,18.75
36.1503086,139.9208875,19.200000762939453,17.75
36.150439,139.92101239,36.29999923706055,18
36.15052994,139.9212,57,19.25
36.15057939,139.921423,73.30000305175781,20.75
36.15059781,139.92166874,83.5999984741211,22.25
36.1506061,139.92193868,87.30000305175781,24
36.15064723,139.92221393,80.0999984741211,25
36.15072337,139.92245931,69.5999984741211,24
36.15083627,139.92267997,58.20000076293945,23.5
36.15098685,139.92288561,48.79999923706055,24.75
36.15117281,139.92308189,40.599998474121094,26.75
36.15137158,139.92325308,35.5,26.75
36.15156901,139.92339812,31.299999237060547,25.5
36.15176924,139.92350805,24.600000381469727,24.25
36.1519703,139.92358067,17.700000762939453,23.25
36.1521242,139.92362862,14.600000381469727,18.25
36.1522521,139.92366908,15.300000190734863,15.25
36.15237028,139.92371689,18.700000762939453,14
36.15245731,139.92380359,36.900001525878906,12.75
36.15250407,139.92392947,63.29999923706055,11.75
36.15249385,139.92406516,93.69999694824219,12.25
36.1536416,139.929411,null,null
36.15246927,139.92419781,102.69999694824219,12.25
36.15230573,139.92422594,157.5,14
36.15217208,139.92419812,186.3000030517578,15
36.15203201,139.9241171,202.1999969482422,17
36.15187708,139.92400334,209.3000030517578,19.75
36.15171383,139.92387186,213.1999969482422,21.5
36.15154599,139.92372548,214.89999389648438,23
36.15136264,139.92356406,214.89999389648438,24.75
36.15116439,139.92339181,215.1999969482422,26.75
36.15095556,139.92320568,215.60000610351562,28.75
36.15073476,139.92301197,215.39999389648438,30.25
36.15049981,139.92279803,215.8000030517578,32.25
36.15025366,139.92257761,215.89999389648438,33.5
36.15000355,139.92235251,216.10000610351562,34.25
36.14974484,139.92212246,215.8000030517578,35.25
36.14947997,139.92188759,215.8000030517578,36
36.14924342,139.92166875,216.10000610351562,33
36.14902412,139.92147396,216.1999969482422,30.25
36.14881116,139.92127887,216.39999389648438,29.25
36.14867061,139.92107968,224,25.75
36.14854277,139.92086462,232.6999969482422,24.25
36.14846173,139.92063125,245.6999969482422,23.25
36.14842621,139.92037686,259.1000061035156,23
36.14840833,139.9201188,263.70001220703125,23
36.14851532,139.91986658,287.20001220703125,23.75
36.14862578,139.91963361,299.20001220703125,24
36.1487799,139.91945444,315.6000061035156,23.5
36.14897509,139.91933791,332.70001220703125,24
36.14920526,139.9192821,346.8999938964844,25.5
36.14944604,139.91928272,358.8999938964844,26.5
36.14969148,139.91932345,6.900000095367432,27.75
36.14995299,139.91939499,10.899999618530273,29.5
36.15022882,139.91946931,12,31.25
36.15050763,139.91954652,12.300000190734863,31.5
36.1508003,139.919627,12.5,33
36.15109813,139.91971443,13.100000381469727,33.75
36.15137176,139.91979679,13.600000381469727,31
36.15160459,139.91987476,15.100000381469727,27.25
36.15179567,139.91995112,17.100000381469727,22.5
36.15195144,139.92002966,22.299999237060547,19
36.15208061,139.92014126,33.099998474121094,17.25
36.15216344,139.92027893,51.900001525878906,15.75
36.15218581,139.92044723,76.5,15
36.15213941,139.92060802,106,15
36.15203182,139.92072896,135.3000030517578,15.75
36.15187608,139.92078758,161,17.5
36.15169441,139.92077019,183.1999969482422,19.75
36.15149808,139.92068574,197.8000030517578,22.5
36.15129323,139.92058661,200.6999969482422,24
36.15106714,139.92048945,199.39999389648438,26.25
36.15081895,139.92040143,195.8000030517578,28.5
36.15054719,139.92034624,189.89999389648438,30.25
36.15027748,139.92033927,182.1999969482422,30
36.15003199,139.92034387,179.8000030517578,27.5
36.14980521,139.92031594,184.6999969482422,25.5
36.1495795,139.92027284,188.5,25.25
36.14941601,139.92018737,197.10000610351562,21.5
36.1492795,139.92013277,197,16.75
36.14916171,139.92011855,184.5,14
36.14904903,139.92018321,157,13.5
36.1489839,139.92031611,125.5,13.5
36.1489904,139.92046273,90.4000015258789,13.25
36.14905672,139.9205996,61.20000076293945,14.25
36.1491319,139.92072185,53.400001525878906,13.75
36.14932414,139.92073807,14.399999618530273,17.5
36.14950914,139.92076682,7.599999904632568,20.5
36.14971757,139.92079775,6.800000190734863,23
36.14993677,139.92083372,7.300000190734863,24.25
36.15013846,139.92087464,8.800000190734863,22.5
36.15030406,139.92092175,13.100000381469727,19.25
36.15044104,139.92102146,28.700000762939453,17.5
36.15057267,139.92113399,33.900001525878906,17.75
36.15056604,139.921395,75.5999984741211,19.25
36.15057182,139.92163941,87.80000305175781,21.75
36.15057821,139.92189088,87,22.5
36.15062218,139.9221615,80.5999984741211,24.5
36.15071111,139.92243406,68.80000305175781,26.25
36.15084992,139.92269679,57.900001525878906,28
36.150999,139.92294433,53.900001525878906,27.75
36.15118076,139.9231797,48.70000076293945,28.75
36.15150191,139.9233508,32.5,33
36.15178526,139.92350863,25.299999237060547,34.25
36.15205537,139.92364746,22.700000762939453,33
36.15223617,139.92369825,17.100000381469727,24.25
36.15246124,139.92425663,94.80000305175781,13.5
36.15225959,139.92426759,161,15.75
36.15209448,139.92422666,187.6999969482422,18
36.1536416,139.929411,null,null
36.15192876,139.92411781,205.8000030517578,20.75
36.15175626,139.92396288,215,23.5
36.15157887,139.92378796,217.5,24.75
36.151395,139.92361519,217,25.5
36.15117733,139.92342083,216,28.5
36.15095197,139.92322152,215.8000030517578,30.5
36.15071799,139.92301082,216,32.25
36.15047002,139.92278922,216,34
36.15021043,139.92255597,216,35.25
36.14994476,139.92232143,215.8000030517578,36.5
36.14967074,139.92207517,215.89999389648438,37.5
36.14938764,139.92181939,216.10000610351562,38.75
36.14912864,139.92158356,216.10000610351562,35.75
36.14891345,139.92138489,216.8000030517578,30.5
36.14872047,139.92117108,221.3000030517578,29.25
36.1485705,139.920923,232,28
36.14847208,139.92064609,245.3000030517578,27.25
36.14843541,139.92035166,259.70001220703125,26.75
36.14846259,139.92005129,275,27
36.14855621,139.91977207,291.3999938964844,27
36.14866952,139.91950661,297.1000061035156,27.25
36.14891241,139.91938784,326,27
36.14915615,139.91930118,342.6000061035156,28
36.1494218,139.91928776,355.70001220703125,29.75
36.14970083,139.91933053,6.199999809265137,31.25
36.149997,139.91940883,11.699999809265137,33
36.15030489,139.91949008,12,34.75
36.15061675,139.9195767,12.899999618530273,35.5
36.15094118,139.91966704,13,36.75
36.15126662,139.91975682,12.600000381469727,37
36.15153621,139.91983296,13.100000381469727,31.25
36.15175346,139.91990409,14.300000190734863,25.5
36.15193614,139.91999044,19.799999237060547,22.5
36.15207904,139.92011794,35.5,20
36.15216217,139.92029903,58.400001525878906,18.75
36.15216261,139.92050258,87.69999694824219,18
36.15208397,139.9206667,118,17
36.15194233,139.92077214,146.5,18
36.15176327,139.9208009,171.39999389648438,19.75
36.15157059,139.92074618,190.89999389648438,22
36.15136692,139.92064552,200.5,24
36.15114605,139.92053701,201,26
36.1509024,139.92043786,198.5,28.25
36.15063395,139.92036359,193,30.25
36.15034149,139.92033756,184.89999389648438,32.25
36.15003791,139.92033434,181.1999969482422,33.5
36.14978021,139.92030703,184.6999969482422,29.25
36.14954836,139.92022216,194.89999389648438,27
36.14936066,139.92014374,198.3000030517578,22.25
36.14919684,139.92010003,192.60000610351562,19
36.14903539,139.92007351,188,18.25
36.14898968,139.92028889,129.10000610351562,15
36.14899042,139.92045341,92.0999984741211,14.5
36.14906784,139.92060841,60.599998474121094,16
36.14920557,139.92070736,32.599998474121094,17.5
36.14939218,139.92074833,11.399999618530273,20.5
36.14960825,139.92075692,2.4000000953674316,23.5
36.14983098,139.9207581,0.5,24.75
36.15006883,139.92077795,3.9000000953674316,26.25
36.1502622,139.92083594,13.199999809265137,22.75
36.15042255,139.9209717,32.5,21.5
36.15053618,139.9211778,54.099998474121094,22.25
36.15060124,139.92143867,72.5,24.25
36.15061367,139.92173208,85.30000305175781,25.75
36.15062908,139.92203937,86.69999694824219,27.75
36.15070102,139.9223517,75.0999984741211,29.25
36.15083957,139.9226501,61.400001525878906,30.75
36.15103415,139.92291486,48.79999923706055,31.75
36.15125807,139.92311129,35.70000076293945,30.25
36.15147071,139.92322101,24.399999618530273,25.75
36.15163021,139.92328902,19.5,19.25
36.15177759,139.92334545,17.799999237060547,17.5
36.15171847,139.92339296,77.5,5
36.15173895,139.92340172,4.900000095367432,0.75
36.15176316,139.92342189,40.900001525878906,3.5
36.1397606,139.9174103,null,null
36.15179947,139.92345818,38.099998474121094,4.75
36.15184914,139.92349766,31.799999237060547,6.25
36.15190915,139.92353426,26.5,7.25
36.15197842,139.92356281,20.5,8
36.15206701,139.9235878,15,10
36.15216339,139.92362193,16,11.5
36.15226188,139.92366695,20.299999237060547,11.5
36.15234876,139.92372739,28.5,11.25
36.15241968,139.92381829,45.70000076293945,11.25
36.15245788,139.92394042,68.4000015258789,11.5
36.15244404,139.92407376,97.9000015258789,11.5
36.15240794,139.92418212,111.30000305175781,10.5
36.15227865,139.92419538,164.5,11.75
36.15216419,139.92417425,187.1999969482422,12.75
36.15205335,139.92411466,201.8000030517578,13.5
36.15194229,139.92403254,210.39999389648438,14.25
36.15183114,139.92393866,215,15
36.15172502,139.92383715,216.39999389648438,15.25
36.15161215,139.92373599,215.6999969482422,15.5
36.15149602,139.92363374,215.6999969482422,16.25
36.15137842,139.92352555,215.6999969482422,16.75
36.15125425,139.92341691,216.10000610351562,17.25
36.15112914,139.92330021,216.6999969482422,17.75
36.15099699,139.92318169,216.1999969482422,18
36.15086018,139.92306338,215.8000030517578,18.5
36.15072225,139.92294289,215.89999389648438,19
36.15058484,139.92281739,215.89999389648438,19.25
36.15043856,139.92269127,216.10000610351562,19.5
36.15029508,139.92256447,215.89999389648438,19.75
36.15015012,139.92243649,216,19.75
36.15000744,139.92230694,216.1999969482422,19.75
36.14986467,139.92217924,215.8000030517578,19.5
36.14972656,139.92205109,216,19
36.14959224,139.92192768,216.1999969482422,18.75
36.14946819,139.9218174,216.5,17.25
36.14936739,139.92170327,221.10000610351562,15.5
36.14926837,139.92159327,221.60000610351562,15
36.14916461,139.92149797,216.89999389648438,14.5
36.14906545,139.92140471,217.3000030517578,14.25
36.14896481,139.92131158,216.39999389648438,14
36.14887129,139.92121724,218.8000030517578,13.75
36.14878494,139.92112487,220.6999969482422,13
36.1487012,139.92102869,221.3000030517578,12.75
36.14863586,139.92092711,227.1999969482422,12.25
36.14857983,139.92081597,235.5,11.75
36.1397606,139.9174103,null,null
36.14853484,139.92070607,244,11.25
36.14850664,139.92058254,253.1999969482422,11.5
36.14848611,139.92045283,256.8999938964844,11.75
36.14847539,139.92032254,262.3999938964844,11.75
36.14847774,139.92019424,267.79998779296875,11.75
36.14851048,139.92007295,279.3999938964844,11.75
36.14854279,139.91994723,287.1000061035156,11.75
36.1485929,139.91983158,295.6000061035156,11.75
36.1486536,139.91971869,303.20001220703125,11.75
36.14871862,139.91961819,307.1000061035156,11.5
36.14879924,139.91954645,320,11.25
36.14889012,139.9194905,330.20001220703125,11
36.14897688,139.91945013,339.8999938964844,10.75
36.14907116,139.91943093,350.20001220703125,11
36.14916947,139.91943124,358.3999938964844,10.75
36.14926022,139.91944384,5.900000095367432,10.5
36.14934632,139.91945203,7.300000190734863,9.5
36.14942658,139.9194636,8.100000381469727,9.25
36.14949155,139.91947695,9.300000190734863,7.5
36.14954248,139.91948869,10.699999809265137,5.75
36.14957327,139.9195006,13,4
36.14961627,139.91951177,14.600000381469727,4.5
36.1496708,139.91952947,11.600000381469727,6.25
36.14973697,139.91954887,11.5,7.5
36.14980126,139.91956623,11.5,7.5
36.14986034,139.91957982,11,7
36.14991691,139.91959868,12.899999618530273,6.75
36.14995834,139.91961142,11.199999809265137,5
36.14998319,139.91962237,16,3
36.15002042,139.91964627,31.700000762939453,2.25
36.15002721,139.91968484,67.0999984741211,2.75
36.15002741,139.91972977,82.5,3.5
36.15003422,139.91976261,79.4000015258789,3.25
36.15003042,139.91981417,91.19999694824219,2.5
36.15003898,139.9198527,77.0999984741211,2.75
36.15004887,139.91988438,78.19999694824219,2.75
36.15006887,139.91991117,62.70000076293945,3
36.15010406,139.91993119,40.599998474121094,3.25
36.15019714,139.91992623,14.300000190734863,5.25
36.15023698,139.91994002,12.699999809265137,5.25
36.15027084,139.91995388,13.899999618530273,4.25
36.15031052,139.9199607,8.600000381469727,4.5
36.15034513,139.91995982,353.6000061035156,3.75
36.15036788,139.91995009,340.1000061035156,3.25
36.15039009,139.91994096,334.5,3
36.15041028,139.91993359,343.3999938964844,2.5
36.15043834,139.91993175,348.1000061035156,2.75
36.15045835,139.91992185,335.8999938964844,2.25
36.1504783,139.91990198,335.20001220703125,1.5
36.1504909,139.9198859,331.29998779296875,0.75
36.15050213,139.91988566,346.29998779296875,1
36.15051455,139.91988863,359.3999938964844,1
36.15052562,139.91989568,14.199999809265137,1
36.15053374,139.91990627,33.099998474121094,1
36.15053901,139.91991824,47.70000076293945,1
36.1505428,139.91993134,60,1
36.15054627,139.91994624,67,1
36.15054903,139.91996036,70.9000015258789,1
36.15055186,139.9199852,77.80000305175781,1
36.1505403,139.92001876,118.4000015258789,1.25
36.1397606,139.9174103,null,null
36.15052471,139.92003037,141.8000030517578,1.5
36.15050295,139.92003693,159.89999389648438,2
36.15047667,139.92003697,173.8000030517578,2.5
36.15044585,139.92002973,185.60000610351562,2.75
36.15041036,139.92001897,190.10000610351562,3.25
36.15037089,139.9200071,191.10000610351562,3.75
36.15029763,139.91998079,191,5.5
36.15024355,139.91996661,190.39999389648438,6
36.15019907,139.91995836,190,5
36.15016201,139.91995205,190.60000610351562,4.25
36.15013473,139.91994566,191.89999389648438,3.25
36.15011962,139.91994079,194.3000030517578,2
36.15010693,139.91993618,194.10000610351562,1.5
36.15009509,139.91993392,191.8000030517578,1.5
36.15007,139.91992913,189.1999969482422,1.5
36.15003443,139.91991065,210.39999389648438,2.5
36.15001252,139.91988325,221.10000610351562,1.75
36.15001859,139.91988188,null,0
36.1500214,139.91988071,null,0
36.15002296,139.91987998,null,0
36.15002377,139.91987951,null,0
36.15002408,139.91987909,null,0
36.15002476,139.91987905,null,0
36.15002756,139.91984129,273.79998779296875,2
36.15002845,139.91982803,274.70001220703125,1.25
36.15003099,139.91980923,276.1000061035156,1.75
36.15003736,139.9197724,null,0
36.15004005,139.91976273,null,0
36.15004626,139.91974139,289.8999938964844,2
36.15005474,139.9197306,304.20001220703125,1.5
36.15006991,139.91971064,304.6000061035156,1.5
36.15009363,139.91969146,322.79998779296875,2
36.15012424,139.91968601,346.70001220703125,2.5
36.15020317,139.91971269,14.800000190734863,5
36.15024769,139.91972089,13.100000381469727,5
36.15030024,139.91973649,13.199999809265137,5.5
36.15035421,139.9197531,12.800000190734863,6
36.15040465,139.91976316,12,6.25
36.15047141,139.91977624,11.699999809265137,6.75
36.15053591,139.91978815,11.899999618530273,7.75
36.15060386,139.91980315,12.600000381469727,8
36.15068248,139.91982313,12.800000190734863,8.75
36.15076365,139.91984727,13.399999618530273,9.25
36.15084273,139.91986529,13.100000381469727,9
36.1509202,139.91988636,12.600000381469727,8.75
36.15099652,139.91990402,12.5,8.75
36.15107265,139.91992675,12.800000190734863,8.75
36.15117154,139.91995062,13.100000381469727,10.5
36.15128691,139.91998133,10.899999618530273,12.75
36.15142555,139.92000321,5.900000095367432,15
36.15156162,139.92000863,4.300000190734863,15.5
36.15169016,139.9200261,6,14.5
36.15181205,139.9200567,11.100000381469727,13.5
36.15192701,139.92009651,15.800000190734863,13
36.15202916,139.9201613,27.799999237060547,12.5
36.15210653,139.92025965,43.20000076293945,12.5
36.15215316,139.920383,64.30000305175781,12.5
36.15215045,139.92052226,92.0999984741211,12.75
36.15208697,139.92064941,118.80000305175781,13.25
36.15197983,139.9207379,143.60000610351562,14
36.15184076,139.920779,165.1999969482422,15.25
36.1516853,139.92075627,184.89999389648438,17.25
36.15150717,139.92069174,196.39999389648438,20.25
36.15131788,139.92060674,199.1999969482422,22.5
36.15112181,139.92052379,199,23
36.15090819,139.92044564,196.5,24.75
36.15068493,139.9203882,192.5,25.75
36.15044913,139.92035636,186.60000610351562,26.75
36.15020008,139.92035316,181.10000610351562,27.5
36.1499639,139.92034643,181.39999389648438,26.5
36.14975746,139.92030691,187.6999969482422,24
36.1495564,139.92023247,196.10000610351562,23.5
36.14939481,139.9201666,197.6999969482422,19.5
36.149257,139.92012201,194.5,16.25
36.14913067,139.92013164,177.39999389648438,14.5
36.14902619,139.9202182,148.39999389648438,13.75
36.14898373,139.92035948,114.4000015258789,13.25
36.1490134,139.92050571,79.69999694824219,13.5
36.14910579,139.92063055,49.70000076293945,15
36.14924195,139.92071502,28.100000381469727,16.75
36.14941805,139.92075527,11.300000190734863,19.25
36.149618,139.92076853,3.4000000953674316,22
36.14982582,139.92078071,2.4000000953674316,22.5
36.15003423,139.92079566,3.299999952316284,23.25
36.15022674,139.9208427,10.699999809265137,21.75
36.15038809,139.92094755,26.200000762939453,20.5
36.15050999,139.92111417,45.29999923706055,20.25
36.15058533,139.92133535,65.69999694824219,21.25
36.15061826,139.92158709,79.69999694824219,22.5
36.15062417,139.92186327,87.5,24.75
36.15064474,139.92214761,84,25.75
36.15071405,139.92241728,73.19999694824219,25.5
36.15082702,139.92266523,61.70000076293945,25.5
36.15097509,139.9228835,51.29999923706055,25.5
36.15116331,139.92307767,40.79999923706055,27
36.15137907,139.92325576,33.79999923706055,28.5
36.15162396,139.92341057,27.700000762939453,30.25
36.15187419,139.92352863,21.700000762939453,29.75
36.15209079,139.92361113,18.200000762939453,25.5
36.15225912,139.92367501,16.899999618530273,19.75
36.15239778,139.92375023,22.899999618530273,17.25
36.15249639,139.92387309,44,15.5
36.15251692,139.92402532,77.80000305175781,14
36.15234665,139.92424199,150,14.25
36.15219592,139.92423553,179.10000610351562,16.25
36.15203288,139.92416406,198.60000610351562,18.75
36.15185488,139.92403852,210.10000610351562,22
36.15168053,139.9238983,212.6999969482422,22.75
36.15150047,139.92374466,214,23.75
36.15128808,139.92354267,216,27.25
36.15107785,139.92335102,216.1999969482422,29
36.15085477,139.92315099,215.6999969482422,30.75
36.15061776,139.92293792,216.10000610351562,32.75
36.1503706,139.92270923,216.39999389648438,34.25
36.1501166,139.92248056,216.10000610351562,34.75
36.14985189,139.92224751,215.6999969482422,35.75
36.14958449,139.92200011,215.89999389648438,36.75
36.14934049,139.92177824,215.8000030517578,33.5
36.14912929,139.92158589,215.8000030517578,29.5
36.14893022,139.92140357,216.39999389648438,27.75
36.14875177,139.92120322,221.1999969482422,26.5
36.14858655,139.920989,225,26.25
36.14850482,139.92073629,240.89999389648438,24.75
36.14844852,139.92047775,254.10000610351562,24.25
36.14839681,139.92021422,256.70001220703125,24.25
36.14848794,139.91994816,281.6000061035156,24.25
36.14859058,139.91970536,296.79998779296875,24.5
36.14875396,139.91950557,313.1000061035156,25
36.14891882,139.91933502,318.70001220703125,24
36.14918192,139.91929605,344.79998779296875,26.25
36.14943291,139.91928764,357.20001220703125,27.5
36.14969515,139.91932721,6.800000190734863,29.25
36.14996991,139.91939546,11.100000381469727,31
36.15025951,139.91947319,12.100000381469727,32.75
36.1505608,139.91956159,12.699999809265137,34.25
36.15087597,139.9196491,12.5,35.75
36.15117967,139.91973548,12.600000381469727,35
36.15147042,139.91981403,12.399999618530273,33.5
36.15172438,139.91988304,11.800000190734863,30.5
36.15184364,139.91995056,16.100000381469727,22
36.15200617,139.9200439,24.100000381469727,20
36.15213539,139.92017876,38.5,18.75
36.15220979,139.92035349,60.599998474121094,17.75
36.15220152,139.92053766,90.30000305175781,16.5
36.15212233,139.92069819,119.9000015258789,16.5
36.15198494,139.9207951,148.1999969482422,17.5
36.15181238,139.92081452,173.10000610351562,19.25
36.15162065,139.92076486,190.6999969482422,21.5
36.15141169,139.92066908,199.3000030517578,24
36.15119794,139.92057522,200.3000030517578,25
36.1509638,139.92047623,198.89999389648438,27
36.15070909,139.9203986,194.3000030517578,29
36.15044547,139.92036195,186.89999389648438,29.5
36.1501899,139.92036088,180.1999969482422,28.75
36.14996032,139.9203539,180.89999389648438,25.75
36.14974624,139.92030718,189.6999969482422,24.25
36.1495496,139.92022596,197.60000610351562,23
36.14939322,139.92016209,198.3000030517578,18.5
36.14925598,139.9201295,191.8000030517578,16
36.14912615,139.92016063,170.10000610351562,14.25
36.14903274,139.9202653,139.6999969482422,13.75
36.14901073,139.92041094,104.30000305175781,13.25
36.14906201,139.92055491,69.69999694824219,13.5
36.14916209,139.92066396,43.400001525878906,14.75
36.14930762,139.92073355,22.600000381469727,17
36.1494884,139.92076958,9.399999618530273,19.75
36.14969432,139.92077792,2.299999952316284,22.75
36.14990197,139.9207872,2.0999999046325684,23.25
36.15011811,139.92081153,5,24
36.15030126,139.92087666,14.300000190734863,21.5
36.1504816,139.92095647,19.100000381469727,21.25
36.1505521,139.92118368,52.599998474121094,20
36.15060789,139.92140746,71.19999694824219,21.25
36.15062975,139.92165783,83.19999694824219,22.75
36.1506397,139.92193564,86.69999694824219,24.75
36.15067859,139.9222217,80.19999694824219,26
36.15076426,139.92249305,69.5,26
36.1508956,139.92273892,57,26.25
36.15107011,139.9229613,46.5,27.75
36.15127804,139.92316311,38.70000076293945,29.25
36.15151436,139.92334016,31.899999618530273,30.5
36.15176551,139.92348528,25.799999237060547,30.75
36.15201352,139.92359876,21,29.75
36.15221187,139.92367659,18.200000762939453,24
36.1523714,139.9237466,20.600000381469727,19.5
36.1524868,139.92384774,35.099998474121094,16
36.15252819,139.92399476,68.0999984741211,14
36.15248388,139.92414063,106.5,13.5
36.15237467,139.92422904,144,13.75
36.15223308,139.92422632,177.8000030517578,15.25
36.15208498,139.92414638,202.3000030517578,18
36.15193353,139.92401257,214.60000610351562,20.25
36.15178339,139.92387479,216.3000030517578,20.75
36.15162228,139.92373062,216.10000610351562,21.75
36.15146188,139.92358584,215.60000610351562,22
36.15128853,139.9234375,214.8000030517578,23.25
36.1511005,139.92327958,214.60000610351562,24.75
36.150902,139.9231158,213.8000030517578,26.25
36.15069121,139.92294402,212.8000030517578,28
36.15046785,139.92275806,214,29.75
36.15023404,139.92255558,214.60000610351562,31.5
36.14998723,139.92233686,215.39999389648438,33.5
36.14972801,139.92211013,215.39999389648438,35
36.14946083,139.92187009,215.89999389648438,36.25
36.14921236,139.92164315,216,34.5
36.14899259,139.92144713,216,30.25
36.14879996,139.92125782,218.10000610351562,27.5
36.14863724,139.92105061,225.3000030517578,26.25
36.14851936,139.92081468,236.89999389648438,25.25
36.14845039,139.92055026,250.39999389648438,25
36.14842883,139.92027463,263.70001220703125,24.75
36.148466,139.92000304,277.79998779296875,24.75
36.14855355,139.91974706,292.3999938964844,25
36.14869672,139.91953545,308.70001220703125,24.75
36.14884299,139.91933984,312,24
36.14911502,139.91930646,342.70001220703125,26.25
36.14937257,139.91928682,355.20001220703125,28.25
36.14964171,139.91931635,4.400000095367432,29.75
36.14992364,139.91938141,10.100000381469727,31.75
36.15021605,139.91946079,12,33
36.150524,139.91954717,12.5,35
36.15083913,139.91963523,12.699999809265137,35.75
36.15116425,139.91972488,12.800000190734863,36.75
36.1514772,139.91980861,12.199999809265137,35.5
36.15166712,139.91987372,14,26.5
36.15184959,139.91993836,16.700000762939453,21.5
36.15200079,139.92003691,26.100000381469727,19
36.1521152,139.92017697,43.29999923706055,18
36.15217104,139.92035213,66.5999984741211,17
36.15214869,139.92054025,95.5999984741211,16.75
36.1520541,139.92068884,125,16.75
36.15171836,139.9207767,176.3000030517578,20.25
36.15152082,139.9207072,193.8000030517578,22.75
36.15131321,139.92060918,200.39999389648438,24.5
36.15108607,139.920505,200.6999969482422,26.75
36.15083727,139.9204083,197.10000610351562,28.75
36.15056482,139.92034393,191,30.75
36.15026951,139.92032347,183.6999969482422,32.5
36.1499816,139.9203192,181,32.25
36.14972789,139.92027698,186.89999389648438,28.75
36.14949751,139.92018905,196.89999389648438,27.25
36.14932264,139.92011799,198.5,21
36.149178,139.92009583,189.10000610351562,16.5
36.14905162,139.92016256,160.5,15
36.14898158,139.92030401,124.5,14.5
36.14899294,139.92046555,87.19999694824219,14.25
36.14907886,139.92060557,56,15.5
36.14921793,139.9207036,31.200000762939453,17.5
36.14940177,139.92075456,13.600000381469727,20.5
36.14961583,139.92076815,3.0999999046325684,23.25
36.14983849,139.92076345,359.8999938964844,24.5
36.15006637,139.9207844,4,25
36.15026115,139.92084379,13.399999618530273,22.5
36.15041937,139.92097473,32,21
36.15053077,139.92116944,52.79999923706055,21.25
36.15058525,139.92140985,72.0999984741211,22.5
36.15060295,139.92168192,84.80000305175781,24.25
36.15061798,139.92197301,86.4000015258789,26.25
36.15066989,139.92227479,78.9000015258789,27.5
36.15077058,139.92255591,67.69999694824219,27.5
36.15091526,139.92281204,55.79999923706055,28
36.1511072,139.92304055,45.099998474121094,29.25
36.15133561,139.92323744,35.599998474121094,30.75
36.15159775,139.92340272,27.700000762939453,32.5
36.15188233,139.92353061,20.700000762939453,33.5
36.15214944,139.923642,19.100000381469727,31.75
36.15238367,139.92371596,15.899999618530273,28.5
36.15242802,139.92380309,27.5,17.25
36.15250457,139.9239386,52.70000076293945,15.25
36.15251066,139.92410677,86.69999694824219,15
36.15243371,139.92423844,123,14.5
36.15229945,139.92428877,160.10000610351562,15.25
36.15214007,139.92425298,187.1999969482422,17.75
36.15196895,139.92414677,205.3000030517578,20.75
36.15179261,139.92399526,213.6999969482422,23.5
36.15161278,139.92382894,216.3000030517578,24.75
36.15141642,139.92365029,216.1999969482422,27
36.15120273,139.92345746,216.39999389648438,28.75
36.15097429,139.92325472,215.89999389648438,30.75
36.1507339,139.92303068,216,32.75
36.15047988,139.92280177,216.10000610351562,34.25
36.15022262,139.9225674,215.8000030517578,35.25
36.14995665,139.92232784,215.89999389648438,36.25
36.14969004,139.92208621,216.10000610351562,36.75
36.14941701,139.92183717,216.3000030517578,37.5
36.14916589,139.92161512,216,35.25
36.14895132,139.92141608,216.39999389648438,30.25
36.14875956,139.92121425,220.10000610351562,28.25
36.14861604,139.92099491,230.1999969482422,26
36.1485104,139.92074254,242.1999969482422,25.25
36.14845947,139.92046488,255.10000610351562,25.25
36.14846081,139.92017612,269.5,25.5
36.14852038,139.91990051,284.20001220703125,25.25
36.14864659,139.91965876,300.5,25.5
36.14881819,139.91946918,317.29998779296875,25.75
36.14903759,139.91934964,335,26.25
36.14928915,139.91929975,349.70001220703125,27.75
36.14955937,139.91930414,0.6000000238418579,29.75
36.14984126,139.91935682,8,31.5
36.15013207,139.91943319,11.5,33.25
36.15043576,139.91951537,12.399999618530273,34.75
36.15074758,139.91960172,12.899999618530273,35.5
36.15106125,139.91968955,12.800000190734863,35.5
36.15137966,139.91977947,12.899999618530273,36
36.15156688,139.91984275,13.399999618530273,28.25
36.15175643,139.9199038,14.399999618530273,22.75
36.15195005,139.91996448,14,22.25
36.15211817,139.92004689,19.200000762939453,20.75
36.15215668,139.92021112,47.400001525878906,16
36.15219654,139.92037137,71.0999984741211,15.5
36.15217242,139.92053809,99.4000015258789,15
36.1520874,139.92067799,125.69999694824219,15.75
36.15195053,139.92077438,150.10000610351562,17.5
36.15177523,139.92079517,172.89999389648438,19.75
36.1515749,139.92074259,189.5,22.25
36.15137104,139.92065194,198.60000610351562,24
36.1511519,139.92054522,201.5,26
36.1509104,139.92043755,198.89999389648438,28.25
36.15064225,139.92037632,192,30.25
36.15035271,139.92035241,184.1999969482422,32.25
36.15004782,139.92034746,181,33.5
36.14978373,139.92031443,185.3000030517578,29.75
36.14953775,139.92023066,194.6999969482422,28.25
36.14934772,139.92015605,197.6999969482422,22.5
36.14920046,139.92011733,192.8000030517578,17.25
36.14906468,139.92016313,167.6999969482422,15.5
36.14897961,139.92029658,132.39999389648438,14.75
36.14898257,139.92046509,93.0999984741211,14.75
36.14906075,139.92061999,61,16
36.14914514,139.92076108,54.70000076293945,15.75
36.14937361,139.92076288,12.600000381469727,20.25
36.14958453,139.92076618,2.5999999046325684,23
36.14980603,139.92077014,0.20000000298023224,24.25
36.1500382,139.92079015,3.5,25.75
36.15024068,139.92085041,12.800000190734863,23.25
36.15040424,139.92098147,30.600000381469727,22
36.15052223,139.92117557,51.5,21.75
36.15058687,139.92141901,70.9000015258789,22.75
36.15060409,139.92168518,84.4000015258789,24
36.15061198,139.92197588,87.9000015258789,26
36.15066274,139.9222789,79.19999694824219,27.5
36.15077273,139.92257409,66.5999984741211,28.75
36.15093585,139.92284822,54.900001525878906,30
36.1511399,139.92308926,44.5,31
36.1513493,139.92332116,42.099998474121094,31.25
36.15165308,139.92346224,27.299999237060547,33.75
36.15191881,139.92362102,25.799999237060547,33
36.15207616,139.92364616,16.799999237060547,23.25
36.15224999,139.9237018,14.899999618530273,20.25
36.15242562,139.92376469,16.899999618530273,20.25
36.15245237,139.92395105,58,15.75
36.15243414,139.92411955,96.0999984741211,14.75
36.15233432,139.9242304,136.1999969482422,15
36.1521855,139.92425567,169.5,16.5
36.15202173,139.92419557,193.8000030517578,19.25
36.15184714,139.92407492,208,22.25
36.15167536,139.92391632,215.5,23.75
36.15148909,139.92374479,217.1999969482422,26
36.1512859,139.92355469,216.5,28
36.15107227,139.92335391,216.1999969482422,30
36.15083986,139.92314579,215.89999389648438,31.75
36.15059664,139.92292378,215.89999389648438,33.5
36.15033938,139.92269282,215.8000030517578,35.25
36.1500783,139.9224584,215.89999389648438,36.25
36.14980609,139.92221383,215.89999389648438,37.5
36.14952622,139.92195788,216,38.5
36.14900221,139.92147606,216.6999969482422,33.75
36.14879562,139.92127326,218.1999969482422,30
36.14859052,139.92106314,219.6999969482422,29.5
36.1485017,139.92079475,237.8000030517578,27
36.14843071,139.92051435,251,26.5
36.14842018,139.92022447,265.8999938964844,26
36.14847577,139.91994318,282.5,25.75
36.14859968,139.91969022,299.3999938964844,26.5
36.14877642,139.91948704,315.70001220703125,26.75
36.14899794,139.91934634,332,27.25
36.14925114,139.91928165,346.79998779296875,28.5
36.14951984,139.91928936,0,29.75
36.14979986,139.91935345,9.199999809265137,31.5
36.15009679,139.91943435,12.600000381469727,33.5
36.15040739,139.91952043,13,35
36.15071774,139.91960945,13.100000381469727,35.5
36.1510394,139.91969891,12.800000190734863,36.25
36.15131545,139.9197749,12.800000190734863,31.75
36.15155927,139.91984831,13.5,28.25
36.15177287,139.91993261,17.100000381469727,25
36.15194914,139.92002031,21.899999618530273,21.5
36.15208909,139.92013291,32.599998474121094,18.75
36.15217418,139.92029592,54.79999923706055,17.5
36.15218342,139.920482,84.5999984741211,16.75
36.15211566,139.92064931,114.5,16.75
36.15197886,139.92075928,143.6999969482422,17.75
36.15180666,139.9207922,169.3000030517578,19
36.15161594,139.92074981,188.8000030517578,21.25
36.15141636,139.92065912,199,23.5
36.1512061,139.92055796,201.5,25
36.15097647,139.92045767,199.39999389648438,27.25
36.15072356,139.92038522,193.8000030517578,28.75
36.15046816,139.9203518,186.6999969482422,28.5
36.15021636,139.92035687,179.8000030517578,28
36.14996983,139.92034448,181.8000030517578,27
36.14974516,139.92030179,188.8000030517578,25.25
36.14954508,139.92021934,198.10000610351562,23.75
36.14938036,139.92014813,199.8000030517578,19.75
36.14924363,139.92011052,193.5,16
36.14911165,139.92013797,172.39999389648438,14.75
36.14901608,139.92023449,144,13.75
36.14897991,139.92037978,110.4000015258789,13.25
36.14901635,139.92053182,76,14
36.14911106,139.92065347,48,15
36.14920806,139.92076468,43,14.75
36.14941293,139.92076331,10,18.5
36.149593,139.92076892,2.700000047683716,19.5
36.14977988,139.92078183,3.0999999046325684,20.5
36.14996401,139.92079896,4.599999904632568,20.5
36.15013854,139.92082146,6.300000190734863,19.75
36.15029807,139.92089013,18.299999237060547,18.5
36.15042526,139.92101738,38.099998474121094,18
36.15051486,139.92119329,55.79999923706055,18.5
36.15055942,139.92140283,73.4000015258789,19.75
36.15056951,139.92163896,85.80000305175781,20.75
36.15057813,139.92189648,87.69999694824219,23
36.15061609,139.92217124,81.4000015258789,24.5
36.15069673,139.9224391,70.9000015258789,25.25
36.15081283,139.92268279,60.70000076293945,25.5
36.15096367,139.92289624,50.29999923706055,25.5
36.15113419,139.92308201,41.79999923706055,25
36.15131344,139.92323702,35.900001525878906,24.25
36.15149474,139.92336509,30.200000762939453,23.25
36.15167762,139.92348838,28.899999618530273,23
36.15183956,139.92353511,18.700000762939453,19.75
36.15200395,139.92358957,15.800000190734863,19
36.15215764,139.92363651,14,17.5
36.152293,139.92368192,14.899999618530273,15.75
36.15240855,139.92375217,25.600000381469727,14.5
36.15249165,139.92386644,45.900001525878906,13.75
36.15251112,139.92401042,77.5,13.25
36.1524597,139.92414901,111.9000015258789,13.5
36.15235249,139.92422997,144,13.75
36.15221762,139.92423437,174.6999969482422,14.75
36.15208142,139.92416422,199.39999389648438,16.25
36.15195032,139.92405492,212.1999969482422,17.5
36.15182113,139.92393905,215.39999389648438,17.75
36.15169325,139.92382093,216.10000610351562,17.75
36.15156373,139.92370143,216.1999969482422,18.25
36.15142971,139.9235824,215.8000030517578,18.5
36.15129448,139.92345461,216,19
36.15115492,139.92333021,216.10000610351562,19.5
36.15100404,139.92319044,216.3000030517578,21
36.1508497,139.92305067,216.39999389648438,21.5
36.15069814,139.92291283,216,20.75
36.15054748,139.92277825,216.3000030517578,21
36.15039137,139.92263178,216.3000030517578,21.5
36.15023317,139.92248925,215.8000030517578,21.75
36.15008025,139.92235196,215.6999969482422,21
36.14993065,139.92221693,216.3000030517578,20.5
36.1497895,139.92208923,216.3000030517578,19.75
36.1496499,139.92196556,216,19
36.14951448,139.92184389,215.6999969482422,18.75
36.14941475,139.92172931,219.89999389648438,16.25
36.14931732,139.92161664,223.5,15
36.14921401,139.92152128,217.3000030517578,14.5
36.14911688,139.92143097,216.1999969482422,13.75
36.14902728,139.92134886,216,12.5
36.14894178,139.92126748,217.8000030517578,12
36.14886111,139.92118531,219.6999969482422,11.75
36.14878177,139.92110328,221.39999389648438,11.75
36.14870654,139.92101516,222.6999969482422,11.5
36.14864225,139.92092175,228.3000030517578,11
36.14859048,139.92082564,236.3000030517578,10.75
36.14855252,139.92072369,244.8000030517578,10
36.14852719,139.92062258,252.5,10
36.14850725,139.92050997,257.3999938964844,10.5
36.14850235,139.92038509,265.5,11
36.14851098,139.92025696,272.70001220703125,11.5
36.14852604,139.92012579,277.1000061035156,12
36.14855324,139.92000006,284.79998779296875,11.75
36.14859291,139.91988603,292.29998779296875,11.25
36.14864149,139.91978318,300.20001220703125,10.75
36.14869403,139.91969205,305.3999938964844,10.25
36.14875625,139.9196133,313.20001220703125,10
36.14882764,139.91954579,322.3999938964844,9.75
36.14890511,139.91949904,332.8999938964844,9.5
36.14898391,139.91945923,339.1000061035156,9
36.14906226,139.91943614,346.29998779296875,9
36.14914119,139.91942622,353.3999938964844,8.75
36.14921398,139.91942407,359.3999938964844,8.25
36.14928107,139.91942822,3.9000000953674316,7.25
36.1493394,139.91943727,5.699999809265137,6.75
36.14939405,139.91944237,7.800000190734863,6.25
36.14943654,139.91945167,9.699999809265137,5
36.14947384,139.91945965,10,4.25
36.14950676,139.91946883,11.199999809265137,3.75
36.149537,139.91948126,18.399999618530273,3.75
36.14956036,139.91950172,34.70000076293945,3
36.14957393,139.91952331,53.70000076293945,2.5
36.14957898,139.91955045,76.69999694824219,2.5
36.14958684,139.91960963,82,2.75
36.14957327,139.91966311,92.30000305175781,2.5
36.14956525,139.91969324,98.69999694824219,2.5
36.14955859,139.91972097,102.19999694824219,2.5
36.14955579,139.9197469,98,2.25
36.14956223,139.91978334,79.5,1.75
36.1495939,139.91979261,38.20000076293945,2.5
36.14963227,139.91981656,27.700000762939453,2.75
36.14966687,139.91983131,22.100000381469727,3.5
36.14970542,139.91984406,17.5,3.75
36.14974392,139.91985505,15,4
36.14978003,139.91986467,14,3.75
36.14981516,139.91987416,13.899999618530273,3.75
36.14984457,139.91988214,13.699999809265137,3.25
36.14986645,139.91988819,13.800000190734863,2.75
36.14988801,139.91989461,13.399999618530273,1.5
36.14992988,139.91990608,13.899999618530273,2.25
36.15001578,139.91992608,13.199999809265137,6.5
36.15007767,139.91994485,13.100000381469727,7
36.15013648,139.91996154,12.199999809265137,6.75
36.15019236,139.91997607,11,6.25
36.15024338,139.91998845,9.899999618530273,5.75
36.15028425,139.91998916,8.300000190734863,5
36.15031986,139.91999331,1.899999976158142,4
36.15034673,139.91998555,349.8999938964844,3.5
36.15036958,139.91997618,341.20001220703125,2.75
36.15040482,139.91996182,340.70001220703125,1.75
36.15042673,139.91995401,342,2.5
36.15046798,139.91994487,348.20001220703125,2.25
36.15050166,139.91993508,347.20001220703125,2
36.1505255,139.91993035,351,1.5
36.15053491,139.91995191,null,0
36.15054258,139.91997303,65.19999694824219,1
36.15055082,139.91999611,66.5999984741211,1.25
36.15055952,139.92001666,62.599998474121094,1.75
36.15057476,139.9200401,51.29999923706055,2.25
36.15059812,139.92006075,38.20000076293945,2.5
36.15062715,139.92007516,26.700000762939453,3
36.15066066,139.92008522,17.399999618530273,3.25
36.15069749,139.92009502,14.199999809265137,3.5
36.15073452,139.92010579,14.199999809265137,3.75
36.15077131,139.92011677,14.300000190734863,3.75
36.15080529,139.92012704,14.399999618530273,3.75
36.15083619,139.92013639,14.600000381469727,3.5
36.15086447,139.92014483,14.199999809265137,3.25
36.15089195,139.92015287,14.100000381469727,3.25
36.15091775,139.92015988,13.399999618530273,3
36.15094268,139.92016617,12.199999809265137,3
36.15096835,139.92017212,11.199999809265137,3
36.15099428,139.92017751,10.300000190734863,3
36.15102157,139.92018359,9.5,3
36.15104861,139.9201893,8.899999618530273,3
36.1510746,139.92019465,8.100000381469727,3
36.15111663,139.92019968,4.099999904632568,2.25
36.15115075,139.92019831,358.5,2
36.15118826,139.92019507,356.70001220703125,2.25
36.15122107,139.92019313,358.8999938964844,1.75
36.15125982,139.9201967,4.199999809265137,2.25
36.15128885,139.92020187,6.699999809265137,3
36.15132143,139.92020395,3.4000000953674316,3.25
36.15134962,139.9201957,351.6000061035156,3
36.15136793,139.92017741,334.70001220703125,2.5
36.15137301,139.92014413,295.1000061035156,1.25
36.15138138,139.92017571,47.099998474121094,1
36.151364,139.92016481,47.099998474121094,0.75
36.15135597,139.92013671,257.3999938964844,1
36.15136177,139.92011194,282.70001220703125,1
36.1513811,139.92012853,null,0
36.15138535,139.92012942,null,0
36.15140575,139.92012021,null,0
36.15140809,139.92012018,null,0
36.15142373,139.92013429,48.599998474121094,0.5
